dt(cam)	frame	LO	AO
0.0000	0000	0.1155	0.0000
0.1541	0001	0.1155	0.0000
0.3189	0002	0.1155	0.0000
0.4823	0003	0.1390	0.0000
0.6493	0004	0.1390	0.0000
0.8199	0005	0.1390	0.0000
1.0224	0006	0.1390	0.0000
1.1446	0007	0.1390	0.0000
1.3549	0008	0.1390	0.0000
1.4756	0009	0.1173	0.0000
1.6448	0010	0.1173	0.0000
1.8122	0011	0.1173	0.0000
1.9907	0012	0.1173	0.0000
2.1376	0013	0.1173	0.0000
2.3031	0014	0.1173	0.0000
2.4691	0015	0.1101	0.0000
2.6375	0016	0.1101	0.0000
2.8376	0017	0.1101	0.0000
2.9664	0018	0.1101	0.0000
3.1308	0019	0.1101	0.0000
3.2970	0020	0.1101	0.0000
3.4674	0021	0.1101	0.0000
3.6435	0022	0.1031	0.0000
3.8009	0023	0.1031	-0.1465
3.9697	0024	0.1031	-0.1465
4.1472	0025	0.1031	-0.1465
4.3009	0026	0.1031	-0.1465
4.4692	0027	0.1031	-0.1465
4.6423	0028	0.0976	-0.1412
4.8260	0029	0.0976	-0.1412
5.0155	0030	0.0976	-0.1412
5.1672	0031	0.0976	-0.1412
5.3052	0032	0.0976	-0.1412
5.5030	0033	0.0984	-0.1336
5.6428	0034	0.0984	-0.1336
5.8107	0035	0.0984	-0.1336
5.9772	0036	0.0984	-0.1336
6.1465	0037	0.0984	-0.1336
6.3128	0038	0.0984	-0.1336
6.4828	0039	0.0984	-0.1336
6.6490	0040	0.0970	-0.1264
6.8599	0041	0.0970	-0.1264
6.9838	0042	0.0970	-0.1264
7.1536	0043	0.0970	-0.1264
7.3186	0044	0.0970	-0.1264
7.4886	0045	0.0809	-0.1188
7.6561	0046	0.0809	-0.1188
7.8518	0047	0.0809	-0.1188
7.9910	0048	0.0809	-0.1188
8.1582	0049	0.0809	-0.1188
8.3249	0050	0.0809	-0.1188
8.5105	0051	0.1073	-0.1358
8.6634	0052	0.1073	-0.1358
8.8556	0053	0.1073	-0.1358
8.9977	0054	0.1073	-0.1358
9.1650	0055	0.1073	-0.1358
9.3310	0056	0.1073	-0.1358
9.5025	0057	0.1073	-0.1358
9.6668	0058	0.1221	-0.1273
9.8370	0059	0.1221	-0.1273
10.0025	0060	0.1221	-0.1273
10.1704	0061	0.1221	-0.1273
10.3375	0062	0.1221	-0.1273
10.5044	0063	0.1221	-0.1273
10.6742	0064	0.1471	-0.1253
10.8415	0065	0.1471	-0.1253
11.0277	0066	0.1471	-0.1253
11.1768	0067	0.1471	-0.1253
11.3432	0068	0.1471	-0.1253
11.5132	0069	0.1471	-0.1253
11.6784	0070	0.1594	-0.1133
11.8682	0071	0.1594	-0.1133
12.0302	0072	0.1594	-0.1133
12.1799	0073	0.1594	-0.1133
12.3464	0074	0.1594	-0.1133
12.5318	0075	0.1376	-0.1303
12.6839	0076	0.1376	-0.1303
12.8705	0077	0.1376	-0.1303
13.0348	0078	0.1376	-0.1303
13.1837	0079	0.1376	-0.1303
13.3514	0080	0.1376	-0.1303
13.5335	0081	0.1216	-0.1448
13.6903	0082	0.1216	-0.1448
13.8656	0083	0.1216	-0.1448
14.0405	0084	0.1216	-0.1448
14.1928	0085	0.1216	-0.1448
14.3783	0086	0.1216	-0.1448
14.5250	0087	0.1216	-0.1448
14.6901	0088	0.1136	-0.1362
14.8665	0089	0.1136	-0.1362
15.0257	0090	0.1136	-0.1362
15.2112	0091	0.1136	-0.1362
15.3593	0092	0.1136	-0.1362
15.5271	0093	0.1136	-0.1362
15.7039	0094	0.1136	-0.1362
15.8620	0095	0.1136	-0.1362
16.0313	0096	0.1136	-0.1362
16.2183	0097	0.1061	-0.1273
16.3643	0098	0.1061	-0.1273
16.5574	0099	0.1059	-0.1286
16.6258	0100	0.1059	-0.1286
16.8173	0101	0.1059	-0.1286
17.0387	0102	0.1059	-0.1286
17.1996	0103	0.1059	-0.1286
17.3676	0104	0.1059	-0.1286
17.5459	0105	0.1124	-0.1524
17.7060	0106	0.1124	-0.1524
17.8960	0107	0.1124	-0.1524
18.0372	0108	0.1124	-0.1524
18.2056	0109	0.1124	-0.1524
18.2790	0110	0.1124	-0.1524
18.4581	0111	0.1124	-0.1524
18.6183	0112	0.1325	-0.1460
18.7803	0113	0.1325	-0.1460
18.9492	0114	0.1325	-0.1460
19.1118	0115	0.1325	-0.1460
19.2761	0116	0.1325	-0.1460
19.4572	0117	0.1325	-0.1460
19.6096	0118	0.1395	-0.1389
19.7868	0119	0.1395	-0.1389
19.9405	0120	0.1395	-0.1389
20.1622	0121	0.1395	-0.1389
20.2737	0122	0.1395	-0.1389
20.4418	0123	0.1395	-0.1389
20.6446	0124	0.1382	-0.1419
20.7722	0125	0.1382	-0.1419
20.9699	0126	0.1382	-0.1419
21.1059	0127	0.1382	-0.1419
21.2829	0128	0.1382	-0.1419
21.4365	0129	0.1382	-0.1419
21.6048	0130	0.1386	-0.1717
21.7698	0131	0.1386	-0.1717
21.9379	0132	0.1386	-0.1717
22.1045	0133	0.1386	-0.1717
22.2660	0134	0.1386	-0.1717
22.4710	0135	0.1386	-0.1717
22.6017	0136	0.1393	-0.1681
22.7868	0137	0.1393	-0.1681
22.9396	0138	0.1393	-0.1681
23.1431	0139	0.1393	-0.1681
23.3062	0140	0.1393	-0.1681
23.4272	0141	0.1393	-0.1681
23.6330	0142	0.1492	-0.1746
23.7598	0143	0.1492	-0.1746
23.9876	0144	0.1492	-0.1746
24.0931	0145	0.1492	-0.1746
24.2616	0146	0.1492	-0.1746
24.4238	0147	0.1492	-0.1746
24.5899	0148	0.1696	-0.1852
24.7572	0149	0.1696	-0.1852
24.9273	0150	0.1696	-0.1852
25.0981	0151	0.1696	-0.1852
25.2813	0152	0.1696	-0.1852
25.4186	0153	0.1696	-0.1852
25.5855	0154	0.1696	-0.1852
25.7633	0155	0.1636	-0.1821
25.9223	0156	0.1636	-0.1821
26.1361	0157	0.1636	-0.1821
26.2490	0158	0.1636	-0.1821
26.4546	0159	0.1636	-0.1821
26.5809	0160	0.1636	-0.1821
26.7951	0161	0.1681	-0.2235
26.9141	0162	0.1681	-0.2235
27.1158	0163	0.1681	-0.2235
27.2446	0164	0.1681	-0.2235
27.4536	0165	0.1681	-0.2235
27.5815	0166	0.1681	-0.2235
27.7487	0167	0.2381	-0.2521
27.9164	0168	0.2381	-0.2521
28.1116	0169	0.2381	-0.2521
28.2400	0170	0.2381	-0.2521
28.4099	0171	0.2381	-0.2521
28.5781	0172	0.2381	-0.2521
28.7579	0173	0.5261	-0.3029
28.9594	0174	0.5261	-0.3029
29.0710	0175	0.5261	-0.3029
29.2375	0176	0.5261	-0.3029
29.4031	0177	0.5261	-0.3029
29.5679	0178	0.5261	-0.3029
29.7411	0179	0.5261	-0.3029
29.9158	0180	0.4589	-0.1007
30.0688	0181	0.4589	-0.1007
30.2720	0182	0.4589	-0.1007
30.4011	0183	0.4589	-0.1007
30.6000	0184	0.4589	-0.1007
30.7723	0185	0.4589	-0.1007
30.9289	0186	0.1843	-0.0902
31.0842	0187	0.1843	-0.0902
31.2356	0188	0.1843	-0.0902
31.4065	0189	0.1843	-0.0902
31.5729	0190	0.1843	-0.0902
31.7371	0191	0.1400	-0.0999
31.9408	0192	0.1400	-0.0999
32.0960	0193	0.1400	-0.0999
32.2392	0194	0.1400	-0.0999
32.4065	0195	0.1274	-0.1051
32.5717	0196	0.1274	-0.1051
32.7390	0197	0.1274	-0.1051
32.9069	0198	0.1274	-0.1051
33.0753	0199	0.1274	-0.1051
33.2588	0200	0.1274	-0.1051
33.4099	0201	0.1274	-0.1051
33.5827	0202	0.1274	-0.1051
33.7414	0203	0.1164	-0.0966
33.9259	0204	0.1164	-0.0966
34.0936	0205	0.1164	-0.0966
34.2408	0206	0.1164	-0.0966
34.4114	0207	0.1164	-0.0966
34.5754	0208	0.1164	-0.0966
34.7425	0209	0.1174	-0.0929
34.9088	0210	0.1174	-0.0929
35.0775	0211	0.1174	-0.0929
35.2442	0212	0.1174	-0.0929
35.4087	0213	0.1174	-0.0929
35.5768	0214	0.1174	-0.0929
35.7525	0215	0.1285	-0.0851
35.9337	0216	0.1285	-0.0851
36.0772	0217	0.1285	-0.0851
36.2606	0218	0.1285	-0.0851
36.4141	0219	0.1285	-0.0851
36.6026	0220	0.1285	-0.0851
36.7475	0221	0.1223	-0.1082
36.9111	0222	0.1223	-0.1082
37.0951	0223	0.1223	-0.1082
37.2452	0224	0.1223	-0.1082
37.4298	0225	0.1223	-0.1082
37.5818	0226	0.1223	-0.1082
37.7524	0227	0.1226	-0.1135
37.9364	0228	0.1226	-0.1135
38.0793	0229	0.1226	-0.1135
38.2480	0230	0.1226	-0.1135
38.4160	0231	0.1226	-0.1135
38.5819	0232	0.1226	-0.1135
38.7495	0233	0.1387	-0.1062
38.9141	0234	0.1387	-0.1062
39.1026	0235	0.1387	-0.1062
39.2496	0236	0.1387	-0.1062
39.4156	0237	0.1387	-0.1062
39.5832	0238	0.1387	-0.1062
39.7487	0239	0.1277	-0.1013
39.9220	0240	0.1277	-0.1013
40.0849	0241	0.1277	-0.1013
40.2688	0242	0.1277	-0.1013
40.4255	0243	0.1277	-0.1013
40.5825	0244	0.1277	-0.1013
40.7527	0245	0.1189	-0.0956
40.9287	0246	0.1189	-0.0956
41.0829	0247	0.1189	-0.0956
41.2513	0248	0.1189	-0.0956
41.4238	0249	0.1189	-0.0956
41.5863	0250	0.1189	-0.0956
41.7700	0251	0.0792	-0.0928
41.8449	0252	0.0792	-0.0928
42.0068	0253	0.0792	-0.0928
42.2194	0254	0.0792	-0.0928
42.3384	0255	0.0792	-0.0928
42.5447	0256	0.0792	-0.0928
42.7022	0257	0.0521	-0.1205
42.8324	0258	0.0521	-0.1205
43.0006	0259	0.0521	-0.1205
43.1685	0260	0.0521	-0.1205
43.3428	0261	0.0521	-0.1205
43.5491	0262	0.0521	-0.1205
43.6614	0263	0.0363	-0.1128
43.8611	0264	0.0363	-0.1128
43.9946	0265	0.0363	-0.1128
44.1692	0266	0.0363	-0.1128
44.3255	0267	0.0363	-0.1128
44.4922	0268	0.0363	-0.1128
44.6583	0269	0.0448	-0.1041
44.8238	0270	0.0448	-0.1041
44.9904	0271	0.0448	-0.1041
45.1564	0272	0.0448	-0.1041
45.3352	0273	0.0448	-0.1041
45.5232	0274	0.0448	-0.1041
45.6517	0275	0.0555	-0.0969
45.8178	0276	0.0555	-0.0969
46.0087	0277	0.0555	-0.0969
46.1482	0278	0.0555	-0.0969
46.3250	0279	0.0555	-0.0969
46.4853	0280	0.0555	-0.0969
46.6463	0281	0.0568	-0.0903
46.8128	0282	0.0568	-0.0903
46.9792	0283	0.0568	-0.0903
47.1423	0284	0.0568	-0.0903
47.3410	0285	0.0568	-0.0903
47.4776	0286	0.0568	-0.0903
47.6407	0287	0.0772	-0.0856
47.8079	0288	0.0772	-0.0856
47.9771	0289	0.0772	-0.0856
48.1763	0290	0.0772	-0.0856
48.3037	0291	0.0772	-0.0856
48.4701	0292	0.0772	-0.0856
48.6392	0293	0.0914	-0.0750
48.8106	0294	0.0914	-0.0750
49.0036	0295	0.0914	-0.0750
49.1823	0296	0.0914	-0.0750
49.3350	0297	0.0914	-0.0750
49.4623	0298	0.0914	-0.0750
49.6331	0299	0.0914	-0.0750
49.8442	0300	0.1105	-0.0959
49.9605	0301	0.1105	-0.0959
50.1688	0302	0.1105	-0.0959
50.2940	0303	0.1105	-0.0959
50.4568	0304	0.1105	-0.0959
50.6265	0305	0.1105	-0.0959
50.7913	0306	0.1105	-0.0959
50.9795	0307	0.1105	-0.0959
51.1671	0308	0.0969	-0.0963
51.3201	0309	0.0969	-0.0963
51.4521	0310	0.0969	-0.0963
51.6210	0311	0.0969	-0.0963
51.7922	0312	0.0969	-0.0963
51.9544	0313	0.0969	-0.0963
52.1483	0314	0.0955	-0.1339
52.3211	0315	0.0955	-0.1339
52.4871	0316	0.0955	-0.1339
52.6132	0317	0.0955	-0.1339
52.7878	0318	0.0955	-0.1339
52.9483	0319	0.0801	-0.1234
53.1631	0320	0.0801	-0.1234
53.2943	0321	0.0801	-0.1234
53.4727	0322	0.0801	-0.1234
53.6054	0323	0.0801	-0.1234
53.7857	0324	0.0801	-0.1234
53.9808	0325	0.0659	-0.1132
54.1029	0326	0.0659	-0.1132
54.2693	0327	0.0659	-0.1132
54.4673	0328	0.0659	-0.1132
54.6033	0329	0.0659	-0.1132
54.7729	0330	0.0466	-0.1074
54.9355	0331	0.0466	-0.1074
55.1021	0332	0.0466	-0.1074
55.2975	0333	0.0466	-0.1074
55.4313	0334	0.0466	-0.1074
55.5980	0335	0.0466	-0.1074
55.7701	0336	0.0529	-0.0991
55.9421	0337	0.0529	-0.0991
56.1437	0338	0.0529	-0.0991
56.2647	0339	0.0529	-0.0991
56.4569	0340	0.0529	-0.0991
56.5996	0341	0.0474	-0.0937
56.7678	0342	0.0474	-0.0937
56.9346	0343	0.0474	-0.0937
57.1296	0344	0.0474	-0.0937
57.2676	0345	0.0474	-0.0937
57.4331	0346	0.0474	-0.0937
57.6042	0347	0.0436	-0.0885
57.7997	0348	0.0436	-0.0885
57.9322	0349	0.0436	-0.0885
58.1263	0350	0.0436	-0.0885
58.2655	0351	0.0436	-0.0885
58.4346	0352	0.0436	-0.0885
58.6145	0353	0.0436	-0.0885
58.7697	0354	0.0277	-0.1012
58.9340	0355	0.0277	-0.1012
59.1218	0356	0.0277	-0.1012
59.2667	0357	0.0277	-0.1012
59.4339	0358	0.0277	-0.1012
59.6270	0359	0.0277	-0.1012
59.7691	0360	0.0355	-0.1101
59.9383	0361	0.0355	-0.1101
60.1040	0362	0.0355	-0.1101
60.2687	0363	0.0355	-0.1101
60.4376	0364	0.0355	-0.1101
60.6011	0365	0.0355	-0.1101
60.7749	0366	0.0425	-0.1075
60.9410	0367	0.0425	-0.1075
61.1206	0368	0.0425	-0.1075
61.2683	0369	0.0425	-0.1075
61.4483	0370	0.0425	-0.1075
61.6020	0371	0.0538	-0.1047
61.7708	0372	0.0538	-0.1047
61.9379	0373	0.0538	-0.1047
62.1041	0374	0.0538	-0.1047
62.2689	0375	0.0538	-0.1047
62.4368	0376	0.0538	-0.1047
62.6025	0377	0.0473	-0.0940
62.7749	0378	0.0473	-0.0940
62.9372	0379	0.0473	-0.0940
63.1028	0380	0.0473	-0.0940
63.2691	0381	0.0473	-0.0940
63.4373	0382	0.0473	-0.0940
63.6034	0383	0.0473	-0.0940
63.7750	0384	-0.0426	-0.0961
63.9385	0385	-0.0426	-0.0961
64.1239	0386	-0.0426	-0.0961
64.2735	0387	-0.0426	-0.0961
64.4405	0388	-0.0426	-0.0961
64.6056	0389	-0.0426	-0.0961
64.7965	0390	-0.0426	-0.0961
64.9386	0391	-0.0419	-0.0915
65.1042	0392	-0.0419	-0.0915
65.2730	0393	-0.0419	-0.0915
65.4400	0394	-0.0419	-0.0915
65.6155	0395	-0.0419	-0.0915
65.7975	0396	-0.0455	-0.0834
65.9381	0397	-0.0455	-0.0834
66.1051	0398	-0.0455	-0.0834
66.2737	0399	-0.0455	-0.0834
66.4400	0400	-0.0455	-0.0834
66.6062	0401	-0.1390	-0.0742
66.7745	0402	-0.1390	-0.0742
66.9396	0403	-0.1390	-0.0742
67.0310	0404	-0.1390	-0.0742
67.1952	0405	-0.1390	-0.0742
67.3636	0406	-0.1390	-0.0742
67.5378	0407	-0.1390	-0.0742
67.7317	0408	0.4526	-0.0693
67.8555	0409	0.4526	-0.0693
68.0207	0410	0.4526	-0.0693
68.2177	0411	0.4526	-0.0693
68.3998	0412	0.4526	-0.0693
68.5162	0413	0.4526	-0.0693
68.6819	0414	0.2618	-0.0805
68.8469	0415	0.2618	-0.0805
69.0145	0416	0.2618	-0.0805
69.1791	0417	0.2618	-0.0805
69.3511	0418	0.2618	-0.0805
69.5096	0419	0.2618	-0.0805
69.6818	0420	0.0042	-0.0754
69.8750	0421	0.0042	-0.0754
70.0058	0422	0.0042	-0.0754
70.1769	0423	0.0042	-0.0754
70.3872	0424	0.0042	-0.0754
70.5027	0425	0.0042	-0.0754
70.6662	0426	0.0054	-0.0692
70.8321	0427	0.0054	-0.0692
70.9991	0428	0.0054	-0.0692
71.1646	0429	0.0054	-0.0692
71.3404	0430	0.0054	-0.0692
71.4944	0431	0.0054	-0.0692
71.6912	0432	0.0191	-0.0616
71.8248	0433	0.0191	-0.0616
71.9938	0434	0.0191	-0.0616
72.1992	0435	0.0191	-0.0616
72.3669	0436	0.0191	-0.0616
72.4897	0437	0.0191	-0.0616
72.6564	0438	0.0285	-0.0529
72.8190	0439	0.0285	-0.0529
72.9866	0440	0.0285	-0.0529
73.1549	0441	0.0285	-0.0529
73.3637	0442	0.0285	-0.0529
73.5186	0443	0.0285	-0.0529
73.6458	0444	0.0254	-0.0617
73.8193	0445	0.0254	-0.0617
73.9841	0446	0.0254	-0.0617
74.1418	0447	0.0254	-0.0617
74.3432	0448	0.0254	-0.0617
74.4722	0449	0.0254	-0.0617
74.6381	0450	0.0266	-0.0898
74.8078	0451	0.0266	-0.0898
75.0140	0452	0.0266	-0.0898
75.1349	0453	0.0266	-0.0898
75.3009	0454	0.0266	-0.0898
75.4647	0455	0.0266	-0.0898
75.6315	0456	0.0253	-0.0822
75.8027	0457	0.0253	-0.0822
76.0067	0458	0.0253	-0.0822
76.1264	0459	0.0253	-0.0822
76.2972	0460	0.0253	-0.0822
76.4614	0461	0.0253	-0.0822
76.6232	0462	0.0239	-0.0779
76.7903	0463	0.0239	-0.0779
76.9553	0464	0.0239	-0.0779
77.1274	0465	0.0239	-0.0779
77.2870	0466	0.0239	-0.0779
77.4528	0467	0.0239	-0.0779
77.6180	0468	0.0280	-0.0760
77.8095	0469	0.0280	-0.0760
78.0022	0470	0.0280	-0.0760
78.1167	0471	0.0280	-0.0760
78.2814	0472	0.0280	-0.0760
78.4452	0473	0.0280	-0.0760
78.6382	0474	0.0355	-0.0665
78.7811	0475	0.0355	-0.0665
78.9678	0476	0.0355	-0.0665
79.1565	0477	0.0355	-0.0665
79.3192	0478	0.0355	-0.0665
79.4374	0479	0.0355	-0.0665
79.6429	0480	0.0514	-0.0655
79.7697	0481	0.0514	-0.0655
79.9774	0482	0.0514	-0.0655
80.0988	0483	0.0514	-0.0655
80.2669	0484	0.0514	-0.0655
80.4334	0485	0.0514	-0.0655
80.6100	0486	0.0514	-0.0655
80.7725	0487	0.0514	-0.0655
80.9297	0488	0.0514	-0.0655
81.0980	0489	0.0338	-0.1030
81.2717	0490	0.0338	-0.1030
81.4302	0491	0.0338	-0.1030
81.6003	0492	0.0338	-0.1030
81.7632	0493	0.0293	-0.0961
81.9310	0494	0.0293	-0.0961
82.1264	0495	0.0293	-0.0961
82.2624	0496	0.0293	-0.0961
82.4291	0497	0.0293	-0.0961
82.6206	0498	0.0275	-0.0881
82.7652	0499	0.0275	-0.0881
82.9660	0500	0.0275	-0.0881
83.0988	0501	0.0275	-0.0881
83.2642	0502	0.0275	-0.0881
83.4285	0503	0.0275	-0.0881
83.5966	0504	0.0275	-0.0881
83.7630	0505	0.0306	-0.0890
83.9306	0506	0.0306	-0.0890
84.0982	0507	0.0306	-0.0890
84.2651	0508	0.0306	-0.0890
84.4297	0509	0.0306	-0.0890
84.5950	0510	0.0306	-0.0890
84.7662	0511	0.0335	-0.0852
84.9294	0512	0.0335	-0.0852
85.0950	0513	0.0335	-0.0852
85.2616	0514	0.0335	-0.0852
85.4283	0515	0.0335	-0.0852
85.5965	0516	0.0335	-0.0852
85.7640	0517	0.0403	-0.0787
85.9279	0518	0.0403	-0.0787
86.0951	0519	0.0403	-0.0787
86.2656	0520	0.0403	-0.0787
86.4289	0521	0.0403	-0.0787
86.5955	0522	0.0403	-0.0787
86.7683	0523	0.0387	-0.0722
86.9295	0524	0.0387	-0.0722
87.1131	0525	0.0387	-0.0722
87.2668	0526	0.0387	-0.0722
87.4306	0527	0.0387	-0.0722
87.5968	0528	0.0523	-0.1033
87.7640	0529	0.0523	-0.1033
87.9554	0530	0.0523	-0.1033
88.1133	0531	0.0523	-0.1033
88.2629	0532	0.0523	-0.1033
88.4310	0533	0.0523	-0.1033
88.5954	0534	0.0634	-0.1000
88.7611	0535	0.0634	-0.1000
88.9292	0536	0.0634	-0.1000
89.1145	0537	0.0634	-0.1000
89.2616	0538	0.0634	-0.1000
89.4271	0539	0.0634	-0.1000
89.5980	0540	0.0691	-0.0946
89.7847	0541	0.0691	-0.0946
89.9283	0542	0.0691	-0.0946
90.1184	0543	0.0691	-0.0946
90.2641	0544	0.0691	-0.0946
90.4350	0545	0.0691	-0.0946
90.5937	0546	0.0767	-0.0897
90.7619	0547	0.0767	-0.0897
90.9338	0548	0.0767	-0.0897
91.1097	0549	0.0767	-0.0897
91.2615	0550	0.0767	-0.0897
91.4303	0551	0.0767	-0.0897
91.5998	0552	0.0767	-0.0897
91.7614	0553	0.0758	-0.0857
91.9509	0554	0.0758	-0.0857
92.0936	0555	0.0758	-0.0857
92.2814	0556	0.0758	-0.0857
92.3666	0557	0.0758	-0.0857
92.5627	0558	0.0758	-0.0857
92.6801	0559	0.0758	-0.0857
92.8457	0560	0.0667	-0.1059
93.0428	0561	0.0667	-0.1059
93.1806	0562	0.0667	-0.1059
93.3977	0563	0.0667	-0.1059
93.5515	0564	0.0667	-0.1059
93.6716	0565	0.0674	-0.1025
93.8373	0566	0.0674	-0.1025
94.0413	0567	0.0674	-0.1025
94.2031	0568	0.0674	-0.1025
94.3558	0569	0.0674	-0.1025
94.5079	0570	0.0674	-0.1025
94.6676	0571	0.0616	-0.0937
94.8304	0572	0.0616	-0.0937
94.9971	0573	0.0616	-0.0937
95.1792	0574	0.0616	-0.0937
95.3291	0575	0.0616	-0.0937
95.4973	0576	0.0616	-0.0937
95.6584	0577	0.0446	-0.0858
95.8278	0578	0.0446	-0.0858
95.9940	0579	0.0446	-0.0858
96.1600	0580	0.0446	-0.0858
96.3404	0581	0.0446	-0.0858
96.5313	0582	0.0446	-0.0858
96.6537	0583	0.0446	-0.0858
96.8183	0584	0.0446	-0.0858
97.0048	0585	0.0446	-0.0858
97.1919	0586	0.0446	-0.0858
97.3599	0587	0.0259	-0.1054
97.4803	0588	0.0259	-0.1054
97.6476	0589	0.0301	-0.1082
97.8112	0590	0.0301	-0.1082
98.0163	0591	0.0301	-0.1082
98.1951	0592	0.0301	-0.1082
98.3078	0593	0.0301	-0.1082
98.4745	0594	0.0301	-0.1082
98.6399	0595	0.0291	-0.1049
98.8406	0596	0.0291	-0.1049
99.0225	0597	0.0291	-0.1049
99.1353	0598	0.0291	-0.1049
99.3043	0599	0.0291	-0.1049
99.4679	0600	0.0291	-0.1049
99.6329	0601	0.0203	-0.1034
99.8032	0602	0.0203	-0.1034
99.9687	0603	0.0203	-0.1034
100.1290	0604	0.0203	-0.1034
100.3158	0605	0.0203	-0.1034
100.4625	0606	0.0203	-0.1034
100.6253	0607	0.0188	-0.0985
100.7958	0608	0.0188	-0.0985
100.9673	0609	0.0188	-0.0985
101.1220	0610	0.0188	-0.0985
101.2889	0611	0.0188	-0.0985
101.4948	0612	0.0188	-0.0985
101.6205	0613	0.0287	-0.0955
101.7887	0614	0.0287	-0.0955
101.9982	0615	0.0287	-0.0955
102.1151	0616	0.0287	-0.0955
102.3266	0617	0.0287	-0.0955
102.4457	0618	0.0287	-0.0955
102.6171	0619	0.0270	-0.0792
102.8115	0620	0.0270	-0.0792
102.9451	0621	0.0270	-0.0792
103.1117	0622	0.0270	-0.0792
103.3133	0623	0.0270	-0.0792
103.4402	0624	0.0270	-0.0792
103.6063	0625	0.0380	-0.1100
103.7754	0626	0.0380	-0.1100
103.9759	0627	0.0380	-0.1100
104.1033	0628	0.0380	-0.1100
104.2702	0629	0.0380	-0.1100
104.4336	0630	0.0380	-0.1100
104.6082	0631	0.0521	-0.1069
104.7668	0632	0.0521	-0.1069
104.9837	0633	0.0521	-0.1069
105.0964	0634	0.0521	-0.1069
105.2824	0635	0.0521	-0.1069
105.4285	0636	0.0521	-0.1069
105.5963	0637	0.0521	-0.1069
105.8041	0638	0.2016	-0.0991
105.9573	0639	0.2016	-0.0991
106.0936	0640	0.2016	-0.0991
106.3035	0641	0.2016	-0.0991
106.4269	0642	0.2016	-0.0991
106.5935	0643	0.2016	-0.0991
106.7903	0644	-0.4681	-0.0765
106.9268	0645	-0.4681	-0.0765
107.1239	0646	-0.4681	-0.0765
107.2703	0647	-0.4681	-0.0765
107.4253	0648	-0.4681	-0.0765
107.5969	0649	-0.4681	-0.0765
107.7619	0650	0.1427	-0.0730
107.9257	0651	0.1427	-0.0730
108.1157	0652	0.1427	-0.0730
108.2592	0653	0.1427	-0.0730
108.4306	0654	0.1427	-0.0730
108.5925	0655	0.1427	-0.0730
108.7627	0656	0.0442	-0.0699
108.9410	0657	0.0442	-0.0699
109.0924	0658	0.0442	-0.0699
109.2630	0659	0.0442	-0.0699
109.4257	0660	0.0442	-0.0699
109.5941	0661	0.0442	-0.0699
109.7628	0662	0.0706	-0.0649
109.9292	0663	0.0706	-0.0649
110.0944	0664	0.0706	-0.0649
110.2591	0665	0.0706	-0.0649
110.4260	0666	0.0706	-0.0649
110.5930	0667	0.0706	-0.0649
110.7622	0668	0.1034	-0.0571
110.9474	0669	0.1034	-0.0571
111.0934	0670	0.1034	-0.0571
111.2596	0671	0.1034	-0.0571
111.4367	0672	0.1034	-0.0571
111.6069	0673	0.1171	-0.0566
111.7593	0674	0.1171	-0.0566
111.9529	0675	0.1171	-0.0566
112.0923	0676	0.1171	-0.0566
112.2615	0677	0.1171	-0.0566
112.4264	0678	0.1171	-0.0566
112.5951	0679	0.1171	-0.0566
112.7789	0680	0.1149	-0.0852
112.9542	0681	0.1149	-0.0852
113.0923	0682	0.1149	-0.0852
113.2611	0683	0.1149	-0.0852
113.4277	0684	0.1041	-0.0816
113.5935	0685	0.1041	-0.0816
113.7596	0686	0.1041	-0.0816
113.9466	0687	0.1041	-0.0816
114.0935	0688	0.1041	-0.0816
114.2788	0689	0.1041	-0.0816
114.4266	0690	0.1041	-0.0816
114.5933	0691	0.1041	-0.0816
114.7595	0692	0.1092	-0.0741
114.9360	0693	0.1092	-0.0741
115.0924	0694	0.1092	-0.0741
115.2615	0695	0.1092	-0.0741
115.4265	0696	0.1092	-0.0741
115.5942	0697	0.1092	-0.0741
115.7597	0698	0.1047	-0.0689
115.9320	0699	0.1047	-0.0689
116.0981	0700	0.1047	-0.0689
116.2739	0701	0.1047	-0.0689
116.4260	0702	0.1047	-0.0689
116.5959	0703	0.1047	-0.0689
116.7703	0704	0.1027	-0.0637
116.9582	0705	0.1027	-0.0637
117.0947	0706	0.1027	-0.0637
117.2605	0707	0.1027	-0.0637
117.4420	0708	0.1027	-0.0637
117.5150	0709	0.1027	-0.0637
117.6851	0710	0.1236	-0.0586
117.8457	0711	0.1236	-0.0586
118.0130	0712	0.1236	-0.0586
118.1801	0713	0.1236	-0.0586
118.3698	0714	0.1236	-0.0586
118.5434	0715	0.1236	-0.0586
118.6749	0716	0.1418	-0.0540
118.8406	0717	0.1418	-0.0540
119.0057	0718	0.1418	-0.0540
119.1713	0719	0.1418	-0.0540
119.3410	0720	0.1418	-0.0540
119.5362	0721	0.1418	-0.0540
119.7056	0722	0.1595	-0.0518
119.8320	0723	0.1595	-0.0518
120.0168	0724	0.1595	-0.0518
120.1644	0725	0.1595	-0.0518
120.3759	0726	0.1595	-0.0518
120.4951	0727	0.1595	-0.0518
120.6627	0728	0.1624	-0.0475
120.8269	0729	0.1624	-0.0475
120.9931	0730	0.1624	-0.0475
121.1623	0731	0.1624	-0.0475
121.3321	0732	0.1624	-0.0475
121.5008	0733	0.1624	-0.0475
121.6619	0734	0.1488	-0.0777
121.8212	0735	0.1488	-0.0777
121.9854	0736	0.1488	-0.0777
122.1569	0737	0.1488	-0.0777
122.3496	0738	0.1488	-0.0777
122.4832	0739	0.1488	-0.0777
122.6493	0740	0.1324	-0.0806
122.8158	0741	0.1324	-0.0806
123.0215	0742	0.1324	-0.0806
123.1470	0743	0.1324	-0.0806
123.3568	0744	0.1324	-0.0806
123.4779	0745	0.1324	-0.0806
123.6422	0746	0.1231	-0.0790
123.8093	0747	0.1231	-0.0790
123.9801	0748	0.1231	-0.0790
124.1406	0749	0.1231	-0.0790
124.3109	0750	0.1231	-0.0790
124.4960	0751	0.1231	-0.0790
124.6774	0752	0.1161	-0.0777
124.8007	0753	0.1161	-0.0777
125.0066	0754	0.1161	-0.0777
125.1365	0755	0.1161	-0.0777
125.3520	0756	0.1161	-0.0777
125.4642	0757	0.1161	-0.0777
125.6283	0758	0.1076	-0.0751
125.7948	0759	0.1076	-0.0751
125.9729	0760	0.1076	-0.0751
126.1789	0761	0.1076	-0.0751
126.3272	0762	0.1076	-0.0751
126.4573	0763	0.1076	-0.0751
126.6321	0764	0.1203	-0.0710
126.7915	0765	0.1203	-0.0710
126.9570	0766	0.1203	-0.0710
127.1679	0767	0.1203	-0.0710
127.2852	0768	0.1203	-0.0710
127.4502	0769	0.1203	-0.0710
127.6179	0770	0.1216	-0.0655
127.7843	0771	0.1216	-0.0655
127.9469	0772	0.1216	-0.0655
128.1134	0773	0.1216	-0.0655
128.2823	0774	0.1216	-0.0655
128.4461	0775	0.1216	-0.0655
128.6148	0776	0.1273	-0.0606
128.7990	0777	0.1273	-0.0606
128.9891	0778	0.1273	-0.0606
129.1139	0779	0.1273	-0.0606
129.2741	0780	0.1273	-0.0606
129.4402	0781	0.1273	-0.0606
129.6089	0782	0.1248	-0.0591
129.7917	0783	0.1248	-0.0591
129.9358	0784	0.1248	-0.0591
130.1422	0785	0.1248	-0.0591
130.2687	0786	0.1248	-0.0591
130.4339	0787	0.1248	-0.0591
130.5977	0788	0.1248	-0.0591
130.7675	0789	0.1267	-0.0593
130.9543	0790	0.1267	-0.0593
131.1512	0791	0.1267	-0.0593
131.2627	0792	0.1267	-0.0593
131.4310	0793	0.1267	-0.0593
131.5969	0794	0.1267	-0.0593
131.7684	0795	0.1251	-0.0590
131.9597	0796	0.1251	-0.0590
132.0973	0797	0.1251	-0.0590
132.2653	0798	0.1251	-0.0590
132.4328	0799	0.1251	-0.0590
132.5980	0800	0.1256	-0.0591
132.7631	0801	0.1256	-0.0591
132.9601	0802	0.1256	-0.0591
133.0962	0803	0.1256	-0.0591
133.2661	0804	0.1256	-0.0591
133.4294	0805	0.1256	-0.0591
133.5957	0806	0.1256	-0.0591
133.7825	0807	0.1257	-0.0595
133.9302	0808	0.1257	-0.0595
134.1083	0809	0.1257	-0.0595
134.2625	0810	0.1257	-0.0595
134.4306	0811	0.1257	-0.0595
134.6054	0812	0.1237	-0.0600
134.7673	0813	0.1237	-0.0600
134.9296	0814	0.1237	-0.0600
135.0961	0815	0.1237	-0.0600
135.2650	0816	0.1237	-0.0600
135.4314	0817	0.1237	-0.0600
135.6042	0818	0.1342	-0.0572
135.7656	0819	0.1342	-0.0572
135.9598	0820	0.1342	-0.0572
136.1117	0821	0.1342	-0.0572
136.2640	0822	0.1342	-0.0572
136.4301	0823	0.1342	-0.0572
136.5986	0824	0.1276	-0.0493
136.7654	0825	0.1276	-0.0493
136.9306	0826	0.1276	-0.0493
137.1040	0827	0.1276	-0.0493
137.2629	0828	0.1276	-0.0493
137.4434	0829	0.1276	-0.0493
137.6152	0830	0.1294	-0.0888
137.7632	0831	0.1294	-0.0888
137.9329	0832	0.1294	-0.0888
138.1004	0833	0.1294	-0.0888
138.2642	0834	0.1294	-0.0888
138.4302	0835	0.1294	-0.0888
138.5976	0836	0.1338	-0.0839
138.7739	0837	0.1338	-0.0839
138.9483	0838	0.1338	-0.0839
139.0975	0839	0.1338	-0.0839
139.2640	0840	0.1338	-0.0839
139.4306	0841	0.1338	-0.0839
139.5987	0842	0.1280	-0.0798
139.7673	0843	0.1280	-0.0798
139.9313	0844	0.1280	-0.0798
140.0989	0845	0.1280	-0.0798
140.2640	0846	0.1280	-0.0798
140.4309	0847	0.1280	-0.0798
140.6001	0848	0.1136	-0.0738
140.7818	0849	0.1136	-0.0738
140.9644	0850	0.1136	-0.0738
141.1210	0851	0.1136	-0.0738
141.2644	0852	0.1136	-0.0738
141.4494	0853	0.1136	-0.0738
141.5980	0854	0.1116	-0.0824
141.7881	0855	0.1116	-0.0824
141.9461	0856	0.1116	-0.0824
142.0996	0857	0.1116	-0.0824
142.2650	0858	0.1116	-0.0824
142.4309	0859	0.1116	-0.0824
142.5979	0860	0.0970	-0.0778
142.7685	0861	0.0970	-0.0778
142.8534	0862	0.0970	-0.0778
143.0185	0863	0.0970	-0.0778
143.1866	0864	0.0970	-0.0778
143.3536	0865	0.0970	-0.0778
143.5661	0866	0.0970	-0.0778
143.6800	0867	0.0931	-0.0919
143.8474	0868	0.0931	-0.0919
144.0117	0869	0.0931	-0.0919
144.2025	0870	0.0931	-0.0919
144.3920	0871	0.0931	-0.0919
144.5109	0872	0.0931	-0.0919
144.6750	0873	0.0861	-0.0905
144.8391	0874	0.0861	-0.0905
145.0074	0875	0.0861	-0.0905
145.1736	0876	0.0861	-0.0905
145.3390	0877	0.0861	-0.0905
145.5039	0878	0.0861	-0.0905
145.6711	0879	0.0861	-0.0905
145.8421	0880	0.0694	-0.1005
146.0051	0881	0.0694	-0.1005
146.1657	0882	0.0694	-0.1005
146.3336	0883	0.0694	-0.1005
146.4992	0884	0.0694	-0.1005
146.7072	0885	0.0613	-0.0973
146.8276	0886	0.0613	-0.0973
147.0221	0887	0.0613	-0.0973
147.1593	0888	0.0613	-0.0973
147.3587	0889	0.0613	-0.0973
147.4908	0890	0.0613	-0.0973
147.6555	0891	0.0604	-0.0985
147.8236	0892	0.0604	-0.0985
147.9872	0893	0.0604	-0.0985
148.1552	0894	0.0604	-0.0985
148.3180	0895	0.0604	-0.0985
148.4836	0896	0.0604	-0.0985
148.6486	0897	0.0641	-0.0901
148.8153	0898	0.0641	-0.0901
149.0213	0899	0.0641	-0.0901
149.1460	0900	0.0641	-0.0901
149.3591	0901	0.0641	-0.0901
149.4799	0902	0.0641	-0.0901
149.6425	0903	0.0675	-0.1073
149.8402	0904	0.0675	-0.1073
149.9772	0905	0.0675	-0.1073
150.1593	0906	0.0675	-0.1073
150.3063	0907	0.0675	-0.1073
150.4717	0908	0.0675	-0.1073
150.6375	0909	0.0624	-0.1277
150.8043	0910	0.0624	-0.1277
150.9682	0911	0.0624	-0.1277
151.1345	0912	0.0624	-0.1277
151.3508	0913	0.0624	-0.1277
151.4666	0914	0.0624	-0.1277
151.6314	0915	0.0684	-0.1304
151.7973	0916	0.0684	-0.1304
151.9617	0917	0.0684	-0.1304
152.1318	0918	0.0684	-0.1304
152.3319	0919	0.0684	-0.1304
152.4591	0920	0.0684	-0.1304
152.6268	0921	0.2189	-0.1302
152.7906	0922	0.2189	-0.1302
153.0045	0923	0.2189	-0.1302
153.1206	0924	0.2189	-0.1302
153.2864	0925	0.2189	-0.1302
153.4941	0926	0.2189	-0.1302
153.6198	0927	0.5432	-0.1483
153.8282	0928	0.5432	-0.1483
153.9493	0929	0.5432	-0.1483
154.1692	0930	0.5432	-0.1483
154.2804	0931	0.5432	-0.1483
154.4456	0932	0.5432	-0.1483
154.6122	0933	0.4169	-0.0802
154.8048	0934	0.4169	-0.0802
154.9928	0935	0.4169	-0.0802
155.1088	0936	0.4169	-0.0802
155.2782	0937	0.4169	-0.0802
155.4403	0938	0.4169	-0.0802
155.6053	0939	0.0987	-0.0719
155.7743	0940	0.0987	-0.0719
155.9918	0941	0.0987	-0.0719
156.1026	0942	0.0987	-0.0719
156.2723	0943	0.0987	-0.0719
156.4371	0944	0.0987	-0.0719
156.6029	0945	0.0386	-0.0636
156.7684	0946	0.0386	-0.0636
156.9354	0947	0.0386	-0.0636
157.1349	0948	0.0386	-0.0636
157.2695	0949	0.0386	-0.0636
157.4353	0950	0.0386	-0.0636
157.6033	0951	0.0165	-0.0969
157.7714	0952	0.0165	-0.0969
157.9382	0953	0.0165	-0.0969
158.1231	0954	0.0165	-0.0969
158.2690	0955	0.0165	-0.0969
158.4370	0956	0.0165	-0.0969
158.6035	0957	0.0014	-0.0923
158.8038	0958	0.0014	-0.0923
158.9448	0959	0.0014	-0.0923
159.1046	0960	0.0014	-0.0923
159.2694	0961	0.0014	-0.0923
159.4372	0962	0.0014	-0.0923
159.6071	0963	0.0014	-0.0923
159.7813	0964	0.0014	-0.0923
159.9722	0965	0.0014	-0.0923
160.1038	0966	0.0129	-0.0848
160.2706	0967	0.0129	-0.0848
160.4382	0968	0.0129	-0.0848
160.6034	0969	0.0089	-0.0818
160.7697	0970	0.0089	-0.0818
160.9369	0971	0.0089	-0.0818
161.1240	0972	0.0089	-0.0818
161.2715	0973	0.0089	-0.0818
161.4367	0974	0.0089	-0.0818
161.6064	0975	0.0024	-0.0742
161.7702	0976	0.0024	-0.0742
161.9417	0977	0.0024	-0.0742
162.1061	0978	0.0024	-0.0742
162.2706	0979	0.0024	-0.0742
162.4384	0980	0.0024	-0.0742
162.6037	0981	0.0036	-0.0701
162.7945	0982	0.0036	-0.0701
162.9391	0983	0.0036	-0.0701
163.1099	0984	0.0036	-0.0701
163.2705	0985	0.0036	-0.0701
163.4530	0986	0.0036	-0.0701
163.6065	0987	0.0002	-0.0640
163.7711	0988	0.0002	-0.0640
163.9438	0989	0.0002	-0.0640
164.1043	0990	0.0002	-0.0640
164.2821	0991	0.0002	-0.0640
164.4384	0992	0.0002	-0.0640
164.6068	0993	0.0054	-0.0581
164.7931	0994	0.0054	-0.0581
164.9388	0995	0.0054	-0.0581
165.1068	0996	0.0054	-0.0581
165.2839	0997	0.0054	-0.0581
165.4379	0998	0.0054	-0.0581
165.6049	0999	0.0133	-0.0669
165.7781	1000	0.0133	-0.0669
165.9432	1001	0.0133	-0.0669
166.1058	1002	0.0133	-0.0669
166.2724	1003	0.0133	-0.0669
166.4393	1004	0.0133	-0.0669
166.6063	1005	0.0042	-0.0885
166.7806	1006	0.0042	-0.0885
166.9392	1007	0.0042	-0.0885
167.1056	1008	0.0042	-0.0885
167.2777	1009	0.0042	-0.0885
167.4511	1010	0.0042	-0.0885
167.6058	1011	0.0032	-0.0871
167.7726	1012	0.0032	-0.0871
167.9401	1013	0.0032	-0.0871
168.0288	1014	0.0032	-0.0871
168.2146	1015	0.0032	-0.0871
168.3590	1016	0.0032	-0.0871
168.5695	1017	0.0032	-0.0871
168.6909	1018	0.0039	-0.0812
168.8572	1019	0.0039	-0.0812
169.0245	1020	0.0039	-0.0812
169.2219	1021	0.0039	-0.0812
169.4020	1022	0.0039	-0.0812
169.5184	1023	0.0039	-0.0812
169.6865	1024	0.0039	-0.0812
169.8517	1025	0.0023	-0.0797
170.0182	1026	0.0023	-0.0797
170.1823	1027	0.0023	-0.0797
170.3867	1028	0.0023	-0.0797
170.5128	1029	0.0023	-0.0797
170.6772	1030	0.0023	-0.0797
170.8422	1031	0.0094	-0.0755
171.0093	1032	0.0094	-0.0755
171.1803	1033	0.0094	-0.0755
171.3553	1034	0.0094	-0.0755
171.5354	1035	0.0094	-0.0755
171.7107	1036	0.0170	-0.0716
171.8617	1037	0.0170	-0.0716
172.0075	1038	0.0170	-0.0716
172.1978	1039	0.0170	-0.0716
172.3823	1040	0.0170	-0.0716
172.4992	1041	0.0170	-0.0716
172.7124	1042	0.0194	-0.0680
172.8333	1043	0.0194	-0.0680
173.0016	1044	0.0194	-0.0680
173.2195	1045	0.0194	-0.0680
173.3271	1046	0.0194	-0.0680
173.5379	1047	0.0194	-0.0680
173.6582	1048	0.0280	-0.0691
173.8251	1049	0.0280	-0.0691
174.0315	1050	0.0280	-0.0691
174.1560	1051	0.0280	-0.0691
174.3234	1052	0.0280	-0.0691
174.4869	1053	0.0280	-0.0691
174.6519	1054	0.0368	-0.0811
174.8186	1055	0.0368	-0.0811
174.9881	1056	0.0368	-0.0811
175.1997	1057	0.0368	-0.0811
175.3152	1058	0.0368	-0.0811
175.4802	1059	0.0368	-0.0811
175.6526	1060	0.0368	-0.0811
175.8285	1061	0.0368	-0.0811
175.9923	1062	0.0368	-0.0811
176.1433	1063	0.0368	-0.0811
176.3126	1064	0.0291	-0.0782
176.5146	1065	0.0291	-0.0782
176.6402	1066	0.0053	-0.0844
176.8472	1067	0.0053	-0.0844
176.9720	1068	0.0053	-0.0844
177.1829	1069	0.0053	-0.0844
177.3059	1070	0.0053	-0.0844
177.5072	1071	0.0053	-0.0844
177.6356	1072	0.0141	-0.0815
177.8241	1073	0.0141	-0.0815
177.9652	1074	0.0141	-0.0815
178.1589	1075	0.0141	-0.0815
178.3376	1076	0.0141	-0.0815
178.4630	1077	0.0141	-0.0815
178.6631	1078	0.0062	-0.0756
178.7956	1079	0.0062	-0.0756
178.9800	1080	0.0062	-0.0756
179.1253	1081	0.0062	-0.0756
179.2933	1082	0.0062	-0.0756
179.4550	1083	0.0062	-0.0756
179.6213	1084	0.0214	-0.0782
179.8134	1085	0.0214	-0.0782
179.9550	1086	0.0214	-0.0782
180.1335	1087	0.0214	-0.0782
180.2867	1088	0.0214	-0.0782
180.4497	1089	0.0214	-0.0782
180.6163	1090	0.0483	-0.0828
180.7860	1091	0.0483	-0.0828
180.9506	1092	0.0483	-0.0828
181.1439	1093	0.0483	-0.0828
181.2772	1094	0.0483	-0.0828
181.4476	1095	0.0483	-0.0828
181.6420	1096	0.0868	-0.0840
181.7817	1097	0.0868	-0.0840
181.9487	1098	0.0868	-0.0840
182.1133	1099	0.0868	-0.0840
182.2776	1100	0.0868	-0.0840
182.4447	1101	0.0868	-0.0840
182.6104	1102	0.0803	-0.0852
182.7890	1103	0.0803	-0.0852
182.9813	1104	0.0803	-0.0852
183.1104	1105	0.0803	-0.0852
183.2774	1106	0.0803	-0.0852
183.4440	1107	0.0803	-0.0852
183.6131	1108	0.0809	-0.1221
183.7819	1109	0.0809	-0.1221
183.9440	1110	0.0809	-0.1221
184.1416	1111	0.0809	-0.1221
184.2787	1112	0.0809	-0.1221
184.4541	1113	0.0809	-0.1221
184.6330	1114	0.0702	-0.1217
184.7818	1115	0.0702	-0.1217
184.9504	1116	0.0702	-0.1217
185.1389	1117	0.0702	-0.1217
185.2788	1118	0.0702	-0.1217
185.4454	1119	0.0702	-0.1217
185.6476	1120	0.1799	-0.1290
185.7784	1121	0.1799	-0.1290
185.9476	1122	0.1799	-0.1290
186.1146	1123	0.1799	-0.1290
186.2982	1124	0.1799	-0.1290
186.4453	1125	0.1799	-0.1290
186.6133	1126	0.4436	-0.0653
186.7856	1127	0.4436	-0.0653
186.9536	1128	0.4436	-0.0653
187.1117	1129	0.4436	-0.0653
187.2963	1130	0.4436	-0.0653
187.4460	1131	0.4436	-0.0653
187.6135	1132	0.1116	-0.0915
187.8029	1133	0.1116	-0.0915
187.9635	1134	0.1116	-0.0915
188.1121	1135	0.1116	-0.0915
188.2791	1136	0.1116	-0.0915
188.4467	1137	0.1116	-0.0915
188.6125	1138	0.0287	-0.0783
188.8123	1139	0.0287	-0.0783
188.9458	1140	0.0287	-0.0783
189.1323	1141	0.0287	-0.0783
189.2795	1142	0.0287	-0.0783
189.4479	1143	0.0287	-0.0783
189.6142	1144	0.0217	-0.0724
189.7799	1145	0.0217	-0.0724
189.9547	1146	0.0217	-0.0724
190.1127	1147	0.0217	-0.0724
190.2820	1148	0.0217	-0.0724
190.4465	1149	0.0217	-0.0724
190.6141	1150	0.0224	-0.0667
190.7851	1151	0.0224	-0.0667
190.9466	1152	0.0224	-0.0667
191.1176	1153	0.0224	-0.0667
191.3062	1154	0.0224	-0.0667
191.4469	1155	0.0224	-0.0667
191.6138	1156	0.0140	-0.0670
191.7815	1157	0.0140	-0.0670
191.9671	1158	0.0140	-0.0670
192.1137	1159	0.0140	-0.0670
192.2817	1160	0.0140	-0.0670
192.4484	1161	0.0031	-0.0786
192.6468	1162	0.0031	-0.0786
192.7831	1163	0.0031	-0.0786
192.9500	1164	0.0031	-0.0786
193.1152	1165	0.0031	-0.0786
193.2808	1166	0.0031	-0.0786
193.4116	1167	0.0031	-0.0786
193.5764	1168	0.0031	-0.0786
193.6995	1169	0.0062	-0.0883
193.9006	1170	0.0062	-0.0883
194.0310	1171	0.0062	-0.0883
194.2012	1172	0.0062	-0.0883
194.3789	1173	0.0062	-0.0883
194.5279	1174	0.0062	-0.0883
194.7314	1175	0.0117	-0.0849
194.8691	1176	0.0117	-0.0849
195.0252	1177	0.0117	-0.0849
195.2001	1178	0.0117	-0.0849
195.3585	1179	0.0117	-0.0849
195.5258	1180	0.0117	-0.0849
195.7102	1181	0.0299	-0.0828
195.8523	1182	0.0299	-0.0828
196.0197	1183	0.0299	-0.0828
196.1906	1184	0.0299	-0.0828
196.3534	1185	0.0299	-0.0828
196.5627	1186	0.0299	-0.0828
196.6839	1187	0.0434	-0.0866
196.8461	1188	0.0434	-0.0866
197.0131	1189	0.0434	-0.0866
197.1781	1190	0.0434	-0.0866
197.3461	1191	0.0434	-0.0866
197.5122	1192	0.0434	-0.0866
197.6742	1193	0.0558	-0.0825
197.8434	1194	0.0558	-0.0825
198.0156	1195	0.0558	-0.0825
198.2004	1196	0.0558	-0.0825
198.3369	1197	0.0558	-0.0825
198.5059	1198	0.0558	-0.0825
198.6737	1199	0.0451	-0.0728
198.8336	1200	0.0451	-0.0728
198.9999	1201	0.0451	-0.0728
199.1732	1202	0.0451	-0.0728
199.3719	1203	0.0451	-0.0728
199.4948	1204	0.0451	-0.0728
199.6627	1205	0.0413	-0.1330
199.8306	1206	0.0413	-0.1330
200.0044	1207	0.0413	-0.1330
200.1887	1208	0.0413	-0.1330
200.3843	1209	0.0413	-0.1330
200.4879	1210	0.0413	-0.1330
200.6539	1211	0.0375	-0.1225
200.8193	1212	0.0375	-0.1225
200.9956	1213	0.0375	-0.1225
201.1906	1214	0.0375	-0.1225
201.3581	1215	0.0375	-0.1225
201.4814	1216	0.0375	-0.1225
201.6502	1217	0.0233	-0.1138
201.8478	1218	0.0233	-0.1138
201.9852	1219	0.0233	-0.1138
202.1847	1220	0.0233	-0.1138
202.3118	1221	0.0233	-0.1138
202.4750	1222	0.0233	-0.1138
202.6431	1223	0.0294	-0.1066
202.8073	1224	0.0294	-0.1066
202.9738	1225	0.0294	-0.1066
203.1424	1226	0.0294	-0.1066
203.3063	1227	0.0294	-0.1066
203.4679	1228	0.0294	-0.1066
203.6357	1229	0.0413	-0.1043
203.8029	1230	0.0413	-0.1043
203.9711	1231	0.0413	-0.1043
204.1644	1232	0.0413	-0.1043
204.2970	1233	0.0413	-0.1043
204.4634	1234	0.0413	-0.1043
204.6295	1235	0.0396	-0.0944
204.7960	1236	0.0396	-0.0944
204.9652	1237	0.0396	-0.0944
205.1338	1238	0.0396	-0.0944
205.2897	1239	0.0396	-0.0944
205.4546	1240	0.0396	-0.0944
205.6241	1241	0.0499	-0.0932
205.7855	1242	0.0499	-0.0932
206.0026	1243	0.0499	-0.0932
206.1170	1244	0.0499	-0.0932
206.2854	1245	0.0499	-0.0932
206.4504	1246	0.0499	-0.0932
206.6174	1247	0.0388	-0.0890
206.7843	1248	0.0388	-0.0890
206.9465	1249	0.0388	-0.0890
207.1281	1250	0.0388	-0.0890
207.3163	1251	0.0388	-0.0890
207.4472	1252	0.0388	-0.0890
207.6385	1253	0.0470	-0.1370
207.8185	1254	0.0470	-0.1370
207.9464	1255	0.0470	-0.1370
208.1137	1256	0.0470	-0.1370
208.2817	1257	0.0470	-0.1370
208.4480	1258	0.0470	-0.1370
208.6134	1259	0.0445	-0.1246
208.7895	1260	0.0445	-0.1246
208.9462	1261	0.0445	-0.1246
209.1388	1262	0.0445	-0.1246
209.2814	1263	0.0445	-0.1246
209.4459	1264	0.0445	-0.1246
209.6165	1265	0.0453	-0.1188
209.8013	1266	0.0453	-0.1188
209.9620	1267	0.0453	-0.1188
210.1139	1268	0.0453	-0.1188
210.2801	1269	0.0453	-0.1188
210.4458	1270	0.0453	-0.1188
210.6125	1271	0.0464	-0.1138
210.8085	1272	0.0464	-0.1138
210.9461	1273	0.0464	-0.1138
211.1341	1274	0.0464	-0.1138
211.2794	1275	0.0464	-0.1138
211.4457	1276	0.0464	-0.1138
211.6150	1277	0.0516	-0.1165
211.7855	1278	0.0516	-0.1165
211.9470	1279	0.0516	-0.1165
212.1173	1280	0.0516	-0.1165
212.2789	1281	0.0516	-0.1165
212.4574	1282	0.0516	-0.1165
212.6137	1283	0.0456	-0.1192
212.7818	1284	0.0456	-0.1192
212.9685	1285	0.0456	-0.1192
213.1123	1286	0.0456	-0.1192
213.2795	1287	0.0456	-0.1192
213.4482	1288	0.0456	-0.1192
213.6144	1289	0.0483	-0.1351
213.7845	1290	0.0483	-0.1351
213.9479	1291	0.0483	-0.1351
214.1321	1292	0.0483	-0.1351
214.2793	1293	0.0483	-0.1351
214.4467	1294	0.0483	-0.1351
214.6139	1295	0.0624	-0.1453
214.7798	1296	0.0624	-0.1453
214.9561	1297	0.0624	-0.1453
215.1126	1298	0.0624	-0.1453
215.2809	1299	0.0624	-0.1453
215.4460	1300	0.0624	-0.1453
215.6132	1301	0.3760	-0.2088
215.7796	1302	0.3760	-0.2088
215.9580	1303	0.3760	-0.2088
216.1138	1304	0.3760	-0.2088
216.2789	1305	0.3760	-0.2088
216.4501	1306	0.3760	-0.2088
216.6135	1307	0.2074	-0.0784
216.7957	1308	0.2074	-0.0784
216.9456	1309	0.2074	-0.0784
217.1133	1310	0.2074	-0.0784
217.2789	1311	0.2074	-0.0784
217.4473	1312	0.2074	-0.0784
217.6142	1313	0.0598	-0.1169
217.7948	1314	0.0598	-0.1169
217.9715	1315	0.0598	-0.1169
218.1132	1316	0.0598	-0.1169
218.2794	1317	0.0598	-0.1169
218.4452	1318	0.0598	-0.1169
218.5340	1319	0.0598	-0.1169
218.6986	1320	0.0569	-0.1040
218.8643	1321	0.0569	-0.1040
219.0304	1322	0.0569	-0.1040
219.1991	1323	0.0569	-0.1040
219.3700	1324	0.0569	-0.1040
219.5278	1325	0.0569	-0.1040
219.6920	1326	0.0706	-0.0978
219.8582	1327	0.0706	-0.0978
220.0243	1328	0.0706	-0.0978
220.1940	1329	0.0706	-0.0978
220.3591	1330	0.0706	-0.0978
220.5210	1331	0.0706	-0.0978
220.7125	1332	0.0753	-0.0998
220.8515	1333	0.0753	-0.0998
221.0180	1334	0.0753	-0.0998
221.1890	1335	0.0753	-0.0998
221.3514	1336	0.0753	-0.0998
221.5159	1337	0.0753	-0.0998
221.6866	1338	0.0578	-0.1011
221.8482	1339	0.0578	-0.1011
222.0360	1340	0.0578	-0.1011
222.1798	1341	0.0578	-0.1011
222.3906	1342	0.0578	-0.1011
222.5105	1343	0.0578	-0.1011
222.6733	1344	0.0614	-0.1233
222.8405	1345	0.0614	-0.1233
223.0171	1346	0.0614	-0.1233
223.1707	1347	0.0614	-0.1233
223.3770	1348	0.0614	-0.1233
223.5003	1349	0.0614	-0.1233
223.6667	1350	0.0589	-0.1181
223.8355	1351	0.0589	-0.1181
224.0124	1352	0.0589	-0.1181
224.2290	1353	0.0589	-0.1181
224.3307	1354	0.0589	-0.1181
224.4939	1355	0.0589	-0.1181
224.6591	1356	0.0589	-0.1181
224.8256	1357	0.0741	-0.1161
225.0008	1358	0.0741	-0.1161
225.1726	1359	0.0741	-0.1161
225.3240	1360	0.0741	-0.1161
225.4870	1361	0.0741	-0.1161
225.6652	1362	0.0798	-0.1175
225.8213	1363	0.0798	-0.1175
225.9880	1364	0.0798	-0.1175
226.1955	1365	0.0798	-0.1175
226.3168	1366	0.0798	-0.1175
226.4840	1367	0.0798	-0.1175
226.6464	1368	0.0880	-0.1267
226.8173	1369	0.0880	-0.1267
226.9790	1370	0.0880	-0.1267
227.1446	1371	0.0880	-0.1267
227.3178	1372	0.0880	-0.1267
227.4752	1373	0.0880	-0.1267
227.6397	1374	0.0803	-0.1337
227.8062	1375	0.0803	-0.1337
227.9735	1376	0.0803	-0.1337
228.1395	1377	0.0803	-0.1337
228.3050	1378	0.0803	-0.1337
228.4678	1379	0.0803	-0.1337
228.6359	1380	0.1059	-0.1334
228.8010	1381	0.1059	-0.1334
229.0178	1382	0.1059	-0.1334
229.1295	1383	0.1059	-0.1334
229.2960	1384	0.1059	-0.1334
229.4614	1385	0.1059	-0.1334
229.6688	1386	0.1144	-0.1218
229.7967	1387	0.1144	-0.1218
230.0139	1388	0.1144	-0.1218
230.1232	1389	0.1144	-0.1218
230.3340	1390	0.1144	-0.1218
230.4556	1391	0.1144	-0.1218
230.6265	1392	0.1119	-0.1131
230.8323	1393	0.1119	-0.1131
230.9514	1394	0.1119	-0.1131
231.1593	1395	0.1119	-0.1131
231.2922	1396	0.1119	-0.1131
231.4540	1397	0.1119	-0.1131
231.6158	1398	0.1040	-0.1315
231.7997	1399	0.1040	-0.1315
231.9456	1400	0.1040	-0.1315
232.1618	1401	0.1040	-0.1315
232.2780	1402	0.1040	-0.1315
232.4456	1403	0.1040	-0.1315
232.6121	1404	0.0905	-0.1293
232.7864	1405	0.0905	-0.1293
232.9531	1406	0.0905	-0.1293
233.1117	1407	0.0905	-0.1293
233.2887	1408	0.0905	-0.1293
233.4478	1409	0.0905	-0.1293
233.6138	1410	0.0858	-0.1376
233.7799	1411	0.0858	-0.1376
233.9453	1412	0.0858	-0.1376
234.1146	1413	0.0858	-0.1376
234.2790	1414	0.0858	-0.1376
234.4452	1415	0.0858	-0.1376
234.6133	1416	0.0899	-0.1344
234.7812	1417	0.0899	-0.1344
234.9472	1418	0.0899	-0.1344
235.1352	1419	0.0899	-0.1344
235.2982	1420	0.0899	-0.1344
235.4460	1421	0.0899	-0.1344
235.6159	1422	0.0962	-0.1290
235.8090	1423	0.0962	-0.1290
235.9452	1424	0.0962	-0.1290
236.1346	1425	0.0962	-0.1290
236.2796	1426	0.0962	-0.1290
236.4468	1427	0.0962	-0.1290
236.6162	1428	0.1103	-0.1262
236.7787	1429	0.1103	-0.1262
236.9453	1430	0.1103	-0.1262
237.1123	1431	0.1103	-0.1262
237.2807	1432	0.1103	-0.1262
237.4455	1433	0.1103	-0.1262
237.6123	1434	0.0985	-0.1238
237.7799	1435	0.0985	-0.1238
237.9634	1436	0.0985	-0.1238
238.1124	1437	0.0985	-0.1238
238.2796	1438	0.0985	-0.1238
238.4500	1439	0.0985	-0.1238
238.6125	1440	0.0712	-0.1151
238.7860	1441	0.0712	-0.1151
238.9710	1442	0.0712	-0.1151
239.1134	1443	0.0712	-0.1151
239.2788	1444	0.0712	-0.1151
239.4459	1445	0.0712	-0.1151
239.6304	1446	0.0561	-0.1468
239.7795	1447	0.0561	-0.1468
239.9699	1448	0.0561	-0.1468
240.1139	1449	0.0561	-0.1468
240.2959	1450	0.0561	-0.1468
240.4674	1451	0.0561	-0.1468
240.6127	1452	0.0561	-0.1468
240.7801	1453	0.0561	-0.1468
240.9662	1454	0.0561	-0.1468
241.1301	1455	0.0641	-0.1346
241.2802	1456	0.0641	-0.1346
241.4460	1457	0.0641	-0.1346
241.6149	1458	0.0801	-0.1380
241.7818	1459	0.0801	-0.1380
241.9464	1460	0.0801	-0.1380
242.1144	1461	0.0801	-0.1380
242.2786	1462	0.0801	-0.1380
242.4465	1463	0.0801	-0.1380
242.6134	1464	0.1051	-0.1471
242.7796	1465	0.1051	-0.1471
242.9478	1466	0.1051	-0.1471
243.1155	1467	0.1051	-0.1471
243.2861	1468	0.1051	-0.1471
243.4472	1469	0.1051	-0.1471
243.6343	1470	0.1104	-0.1526
243.7824	1471	0.1104	-0.1526
243.8693	1472	0.1104	-0.1526
244.0333	1473	0.1104	-0.1526
244.2090	1474	0.1104	-0.1526
244.4134	1475	0.1104	-0.1526
244.5308	1476	0.1104	-0.1526
244.6965	1477	0.1198	-0.1711
244.8599	1478	0.1198	-0.1711
245.0274	1479	0.1198	-0.1711
245.1957	1480	0.1198	-0.1711
245.4104	1481	0.1198	-0.1711
245.5228	1482	0.1198	-0.1711
245.6933	1483	0.1296	-0.2043
245.8558	1484	0.1296	-0.2043
246.0210	1485	0.1296	-0.2043
246.1978	1486	0.1296	-0.2043
246.4010	1487	0.1296	-0.2043
246.5169	1488	0.1296	-0.2043
246.6845	1489	0.2274	-0.2744
246.8476	1490	0.2274	-0.2744
247.0139	1491	0.2274	-0.2744
247.1841	1492	0.2274	-0.2744
247.3965	1493	0.2274	-0.2744
247.5095	1494	0.2274	-0.2744
247.6787	1495	0.4784	-0.3100
247.8431	1496	0.4784	-0.3100
248.0083	1497	0.4784	-0.3100
248.1986	1498	0.4784	-0.3100
248.3837	1499	0.4784	-0.3100
248.5030	1500	0.4784	-0.3100
248.6748	1501	-0.1927	-0.1130
248.8363	1502	-0.1927	-0.1130
249.0056	1503	-0.1927	-0.1130
249.2190	1504	-0.1927	-0.1130
249.3305	1505	-0.1927	-0.1130
249.4964	1506	-0.1927	-0.1130
249.6639	1507	-0.1051	-0.1036
249.8320	1508	-0.1051	-0.1036
250.0036	1509	-0.1051	-0.1036
250.1931	1510	-0.1051	-0.1036
250.3245	1511	-0.1051	-0.1036
250.4898	1512	-0.1051	-0.1036
250.6610	1513	-0.0894	-0.0965
250.8269	1514	-0.0894	-0.0965
250.9905	1515	-0.0894	-0.0965
251.1545	1516	-0.0894	-0.0965
251.3185	1517	-0.0894	-0.0965
251.5239	1518	-0.0894	-0.0965
251.6492	1519	-0.0796	-0.0886
251.8156	1520	-0.0796	-0.0886
251.9811	1521	-0.0796	-0.0886
252.1631	1522	-0.0796	-0.0886
252.3538	1523	-0.0796	-0.0886
252.4789	1524	-0.0796	-0.0886
252.6452	1525	-0.0672	-0.0779
252.8095	1526	-0.0672	-0.0779
252.9743	1527	-0.0672	-0.0779
253.1574	1528	-0.0672	-0.0779
253.3055	1529	-0.0672	-0.0779
253.5078	1530	-0.0672	-0.0779
253.6390	1531	-0.0756	-0.0767
253.8222	1532	-0.0756	-0.0767
254.0029	1533	-0.0756	-0.0767
254.1324	1534	-0.0756	-0.0767
254.3474	1535	-0.0756	-0.0767
254.5074	1536	-0.0756	-0.0767
254.6302	1537	-0.0702	-0.0972
254.8413	1538	-0.0702	-0.0972
254.9627	1539	-0.0702	-0.0972
255.1463	1540	-0.0702	-0.0972
255.3056	1541	-0.0702	-0.0972
255.4579	1542	-0.0702	-0.0972
255.6411	1543	-0.0731	-0.0957
255.8414	1544	-0.0731	-0.0957
255.9536	1545	-0.0731	-0.0957
256.1255	1546	-0.0731	-0.0957
256.3301	1547	-0.0731	-0.0957
256.4531	1548	-0.0731	-0.0957
256.6206	1549	-0.0731	-0.0957
256.7862	1550	-0.0731	-0.0957
256.9519	1551	-0.0731	-0.0957
257.1179	1552	-0.0731	-0.0957
257.3098	1553	-0.0943	-0.0819
257.4514	1554	-0.0943	-0.0819
257.6158	1555	-0.0865	-0.0805
257.7935	1556	-0.0865	-0.0805
257.9484	1557	-0.0865	-0.0805
258.1145	1558	-0.0865	-0.0805
258.2824	1559	-0.0865	-0.0805
258.4468	1560	-0.0865	-0.0805
258.6143	1561	-0.0567	-0.0864
258.8160	1562	-0.0567	-0.0864
258.9613	1563	-0.0567	-0.0864
259.1203	1564	-0.0567	-0.0864
259.2801	1565	-0.0567	-0.0864
259.4470	1566	-0.0567	-0.0864
259.6136	1567	-0.0596	-0.1227
259.7936	1568	-0.0596	-0.1227
259.9480	1569	-0.0596	-0.1227
260.1138	1570	-0.0596	-0.1227
260.2883	1571	-0.0596	-0.1227
260.4474	1572	-0.0596	-0.1227
260.6153	1573	-0.0857	-0.1189
260.7825	1574	-0.0857	-0.1189
260.9470	1575	-0.0857	-0.1189
261.1151	1576	-0.0857	-0.1189
261.2811	1577	-0.0857	-0.1189
261.4551	1578	-0.0857	-0.1189
261.6255	1579	-0.1076	-0.1133
261.7822	1580	-0.1076	-0.1133
261.9485	1581	-0.1076	-0.1133
262.1155	1582	-0.1076	-0.1133
262.2825	1583	-0.1076	-0.1133
262.4482	1584	-0.1076	-0.1133
262.6149	1585	-0.1054	-0.1053
262.7822	1586	-0.1054	-0.1053
262.9745	1587	-0.1054	-0.1053
263.1148	1588	-0.1054	-0.1053
263.2982	1589	-0.1054	-0.1053
263.4495	1590	-0.1054	-0.1053
263.6150	1591	-0.1002	-0.0998
263.7835	1592	-0.1002	-0.0998
263.9689	1593	-0.1002	-0.0998
264.1305	1594	-0.1002	-0.0998
264.2808	1595	-0.1002	-0.0998
264.4507	1596	-0.1002	-0.0998
264.6358	1597	-0.0897	-0.1196
264.7825	1598	-0.0897	-0.1196
264.9505	1599	-0.0897	-0.1196
265.1143	1600	-0.0897	-0.1196
265.2873	1601	-0.0897	-0.1196
265.4547	1602	-0.0897	-0.1196
265.6146	1603	-0.0897	-0.1196
265.8092	1604	-0.0715	-0.1107
265.9727	1605	-0.0715	-0.1107
266.1160	1606	-0.0715	-0.1107
266.2836	1607	-0.0715	-0.1107
266.4476	1608	-0.0715	-0.1107
266.6184	1609	-0.0715	-0.1107
266.7832	1610	-0.0608	-0.1238
266.9496	1611	-0.0608	-0.1238
267.1342	1612	-0.0608	-0.1238
267.2987	1613	-0.0608	-0.1238
267.4483	1614	-0.0608	-0.1238
267.6154	1615	-0.0471	-0.1151
267.7995	1616	-0.0471	-0.1151
267.9661	1617	-0.0471	-0.1151
268.1380	1618	-0.0471	-0.1151
268.2832	1619	-0.0471	-0.1151
268.4487	1620	-0.0471	-0.1151
268.6166	1621	-0.0290	-0.1047
268.7839	1622	-0.0290	-0.1047
268.9703	1623	-0.0290	-0.1047
269.0626	1624	-0.0290	-0.1047
269.2437	1625	-0.0290	-0.1047
269.4041	1626	-0.0290	-0.1047
269.5339	1627	-0.0290	-0.1047
269.6988	1628	-0.0241	-0.1392
269.8660	1629	-0.0241	-0.1392
270.0305	1630	-0.0241	-0.1392
270.2353	1631	-0.0241	-0.1392
270.3614	1632	-0.0241	-0.1392
270.5319	1633	-0.0241	-0.1392
270.7400	1634	-0.0297	-0.1285
270.8583	1635	-0.0297	-0.1285
271.0255	1636	-0.0297	-0.1285
271.2375	1637	-0.0297	-0.1285
271.3548	1638	-0.0297	-0.1285
271.5502	1639	-0.0297	-0.1285
271.7317	1640	-0.0281	-0.1214
271.8530	1641	-0.0281	-0.1214
272.0229	1642	-0.0281	-0.1214
272.1968	1643	-0.0281	-0.1214
272.3782	1644	-0.0281	-0.1214
272.5186	1645	-0.0281	-0.1214
272.7320	1646	-0.0288	-0.1130
272.8466	1647	-0.0288	-0.1130
273.0563	1648	-0.0288	-0.1130
273.1786	1649	-0.0288	-0.1130
273.3887	1650	-0.0288	-0.1130
273.5087	1651	-0.0423	-0.1116
273.6768	1652	-0.0423	-0.1116
273.8405	1653	-0.0423	-0.1116
274.0098	1654	-0.0423	-0.1116
274.1731	1655	-0.0423	-0.1116
274.3414	1656	-0.0423	-0.1116
274.5049	1657	-0.0423	-0.1116
274.6672	1658	0.0424	-0.1060
274.8453	1659	0.0424	-0.1060
275.0411	1660	0.0424	-0.1060
275.1679	1661	0.0424	-0.1060
275.3748	1662	0.0424	-0.1060
275.4948	1663	0.0424	-0.1060
275.6620	1664	0.0347	-0.1127
275.8267	1665	0.0347	-0.1127
276.0056	1666	0.0347	-0.1127
276.1821	1667	0.0347	-0.1127
276.3231	1668	0.0347	-0.1127
276.5137	1669	0.0347	-0.1127
276.6776	1670	0.0205	-0.1121
276.8436	1671	0.0205	-0.1121
277.0301	1672	0.0205	-0.1121
277.1514	1673	0.0205	-0.1121
277.3203	1674	0.0205	-0.1121
277.4819	1675	0.0205	-0.1121
277.6520	1676	0.3110	-0.1435
277.8134	1677	0.3110	-0.1435
277.9924	1678	0.3110	-0.1435
278.1480	1679	0.3110	-0.1435
278.3489	1680	0.3110	-0.1435
278.4768	1681	0.3110	-0.1435
278.6416	1682	0.3384	-0.1009
278.8097	1683	0.3384	-0.1009
278.9736	1684	0.3384	-0.1009
279.1388	1685	0.3384	-0.1009
279.3058	1686	0.3384	-0.1009
279.4770	1687	0.3384	-0.1009
279.6390	1688	0.0287	-0.1188
279.8109	1689	0.0287	-0.1188
279.9749	1690	0.0287	-0.1188
280.1812	1691	0.0287	-0.1188
280.2972	1692	0.0287	-0.1188
280.4641	1693	0.0287	-0.1188
280.6296	1694	0.0478	-0.1081
280.7987	1695	0.0478	-0.1081
280.9734	1696	0.0478	-0.1081
281.1264	1697	0.0478	-0.1081
281.2928	1698	0.0478	-0.1081
281.4598	1699	0.0478	-0.1081
281.6249	1700	0.0575	-0.1007
281.8109	1701	0.0575	-0.1007
281.9887	1702	0.0575	-0.1007
282.1605	1703	0.0575	-0.1007
282.2872	1704	0.0575	-0.1007
282.4512	1705	0.0575	-0.1007
282.6702	1706	0.0779	-0.1240
282.7849	1707	0.0779	-0.1240
282.9833	1708	0.0779	-0.1240
283.1176	1709	0.0779	-0.1240
283.2847	1710	0.0779	-0.1240
283.4512	1711	0.0779	-0.1240
283.6179	1712	0.0731	-0.1176
283.7902	1713	0.0731	-0.1176
283.9513	1714	0.0731	-0.1176
284.1415	1715	0.0731	-0.1176
284.2841	1716	0.0731	-0.1176
284.4508	1717	0.0731	-0.1176
284.6176	1718	0.0595	-0.1114
284.7955	1719	0.0595	-0.1114
284.9536	1720	0.0595	-0.1114
285.1255	1721	0.0595	-0.1114
285.2843	1722	0.0595	-0.1114
285.4510	1723	0.0595	-0.1114
285.6204	1724	0.0413	-0.1258
285.7855	1725	0.0413	-0.1258
285.9519	1726	0.0413	-0.1258
286.1417	1727	0.0413	-0.1258
286.2840	1728	0.0413	-0.1258
286.4524	1729	0.0413	-0.1258
286.6190	1730	0.0326	-0.1154
286.7867	1731	0.0326	-0.1154
286.9512	1732	0.0326	-0.1154
287.1186	1733	0.0326	-0.1154
287.2860	1734	0.0326	-0.1154
287.4523	1735	0.0326	-0.1154
287.6191	1736	0.0371	-0.1264
287.7851	1737	0.0371	-0.1264
287.9512	1738	0.0371	-0.1264
288.1216	1739	0.0371	-0.1264
288.2857	1740	0.0371	-0.1264
288.4515	1741	0.0371	-0.1264
288.6300	1742	0.0407	-0.1229
288.7856	1743	0.0407	-0.1229
288.9589	1744	0.0407	-0.1229
289.1183	1745	0.0407	-0.1229
289.2851	1746	0.0407	-0.1229
289.4530	1747	0.0407	-0.1229
289.6188	1748	0.0265	-0.1201
289.7883	1749	0.0265	-0.1201
289.9518	1750	0.0265	-0.1201
290.1196	1751	0.0265	-0.1201
290.2855	1752	0.0265	-0.1201
290.4523	1753	0.0265	-0.1201
290.6185	1754	0.0265	-0.1201
290.7958	1755	0.0423	-0.1311
290.9603	1756	0.0423	-0.1311
291.1533	1757	0.0423	-0.1311
291.2863	1758	0.0423	-0.1311
291.4525	1759	0.0423	-0.1311
291.6223	1760	0.0423	-0.1311
291.7873	1761	0.0557	-0.1246
291.9582	1762	0.0557	-0.1246
292.1233	1763	0.0557	-0.1246
292.2854	1764	0.0557	-0.1246
292.4521	1765	0.0557	-0.1246
292.6188	1766	0.0557	-0.1246
292.7935	1767	0.0636	-0.1173
292.9752	1768	0.0636	-0.1173
293.1195	1769	0.0636	-0.1173
293.2856	1770	0.0636	-0.1173
293.4585	1771	0.0636	-0.1173
293.6203	1772	0.0636	-0.1173
293.7997	1773	0.0431	-0.1203
293.9668	1774	0.0431	-0.1203
294.1377	1775	0.0431	-0.1203
294.2857	1776	0.0431	-0.1203
294.4133	1777	0.0431	-0.1203
294.5415	1778	0.0431	-0.1203
294.7077	1779	0.0495	-0.1254
294.8710	1780	0.0495	-0.1254
295.0536	1781	0.0495	-0.1254
295.2052	1782	0.0495	-0.1254
295.4177	1783	0.0495	-0.1254
295.5335	1784	0.0495	-0.1254
295.7002	1785	0.0472	-0.1181
295.8685	1786	0.0472	-0.1181
296.0311	1787	0.0472	-0.1181
296.1985	1788	0.0472	-0.1181
296.4139	1789	0.0472	-0.1181
296.5264	1790	0.0472	-0.1181
296.7416	1791	0.0509	-0.1098
296.8600	1792	0.0509	-0.1098
297.0243	1793	0.0509	-0.1098
297.1926	1794	0.0509	-0.1098
297.4075	1795	0.0509	-0.1098
297.5208	1796	0.0509	-0.1098
297.6877	1797	0.0347	-0.1152
297.8532	1798	0.0347	-0.1152
298.0194	1799	0.0347	-0.1152
298.1833	1800	0.0347	-0.1152
298.3516	1801	0.0347	-0.1152
298.5190	1802	0.0347	-0.1152
298.7177	1803	0.0369	-0.1186
298.8454	1804	0.0369	-0.1186
299.0122	1805	0.0369	-0.1186
299.1791	1806	0.0369	-0.1186
299.3472	1807	0.0369	-0.1186
299.5106	1808	0.0369	-0.1186
299.6755	1809	0.0373	-0.1134
299.8403	1810	0.0373	-0.1134
300.0090	1811	0.0373	-0.1134
300.1706	1812	0.0373	-0.1134
300.3691	1813	0.0373	-0.1134
300.5023	1814	0.0373	-0.1134
300.6680	1815	0.0230	-0.1019
300.8350	1816	0.0230	-0.1019
301.0099	1817	0.0230	-0.1019
301.1641	1818	0.0230	-0.1019
301.3582	1819	0.0230	-0.1019
301.4983	1820	0.0230	-0.1019
301.6614	1821	0.0204	-0.1376
301.8302	1822	0.0204	-0.1376
301.9950	1823	0.0204	-0.1376
302.1835	1824	0.0204	-0.1376
302.3266	1825	0.0204	-0.1376
302.4889	1826	0.0204	-0.1376
302.6684	1827	0.0335	-0.1379
302.8207	1828	0.0335	-0.1379
303.0155	1829	0.0335	-0.1379
303.2040	1830	0.0335	-0.1379
303.3166	1831	0.0335	-0.1379
303.5280	1832	0.0335	-0.1379
303.6496	1833	0.0438	-0.1330
303.8199	1834	0.0438	-0.1330
304.0297	1835	0.0438	-0.1330
304.1485	1836	0.0438	-0.1330
304.3106	1837	0.0438	-0.1330
304.4756	1838	0.0438	-0.1330
304.6455	1839	0.0454	-0.1294
304.8329	1840	0.0454	-0.1294
304.9750	1841	0.0454	-0.1294
305.1399	1842	0.0454	-0.1294
305.3400	1843	0.0454	-0.1294
305.4690	1844	0.0454	-0.1294
305.6377	1845	0.0454	-0.1294
305.8471	1846	0.0454	-0.1294
