dt(cam)	frame	LO	AO
0.0000	0000	1.9757	-1.6356
0.0024	0001	1.9757	-1.6356
0.0103	0002	1.9757	-1.6356
0.0424	0003	1.9757	-1.6356
0.1095	0004	1.9757	-1.6356
0.2700	0005	1.9757	-1.6356
0.4461	0006	1.9757	-1.6356
0.6055	0007	1.9776	-1.6383
0.8156	0008	1.9776	-1.6383
0.9306	0009	1.9776	-1.6383
1.0959	0010	1.9776	-1.6383
1.2631	0011	1.9776	-1.6383
1.4337	0012	1.9776	-1.6383
1.6501	0013	1.9795	-1.6343
1.7618	0014	1.9795	-1.6343
1.9269	0015	1.9795	-1.6343
2.0894	0016	1.9795	-1.6343
2.2601	0017	1.9795	-1.6343
2.4556	0018	1.9795	-1.6343
2.6349	0019	1.9732	-1.6403
2.7519	0020	1.9732	-1.6403
2.9186	0021	1.9732	-1.6403
3.0864	0022	1.9732	-1.6403
3.2488	0023	1.9732	-1.6403
3.4174	0024	1.9732	-1.6403
3.6278	0025	1.9808	-1.6371
3.7471	0026	1.9808	-1.6371
3.9118	0027	1.9808	-1.6371
4.0780	0028	1.9808	-1.6371
4.2486	0029	1.9808	-1.6371
4.4109	0030	1.9808	-1.6371
4.5760	0031	1.9804	-1.6377
4.7392	0032	1.9804	-1.6377
4.9229	0033	1.9804	-1.6377
5.0713	0034	1.9804	-1.6377
5.2387	0035	1.9804	-1.6377
5.4107	0036	1.9804	-1.6377
5.6105	0037	1.9783	-1.6376
5.7355	0038	1.9783	-1.6376
5.9006	0039	1.9783	-1.6376
6.0664	0040	1.9783	-1.6376
6.2430	0041	1.9783	-1.6376
6.3986	0042	1.9783	-1.6376
6.6127	0043	1.9781	-1.6383
6.7283	0044	1.9781	-1.6383
6.8945	0045	1.9781	-1.6383
7.0967	0046	1.9781	-1.6383
7.2266	0047	1.9781	-1.6383
7.3961	0048	1.9781	-1.6383
7.5552	0049	1.9776	-1.6380
7.7215	0050	1.9776	-1.6380
7.8860	0051	1.9776	-1.6380
8.0550	0052	1.9776	-1.6380
8.2323	0053	1.9776	-1.6380
8.3838	0054	1.9776	-1.6380
8.5507	0055	1.9822	-1.6395
8.7135	0056	1.9822	-1.6395
8.8812	0057	1.9822	-1.6395
9.0463	0058	1.9822	-1.6395
9.2144	0059	1.9822	-1.6395
9.4252	0060	1.9822	-1.6395
9.5402	0061	1.9777	-1.6370
9.7297	0062	1.9777	-1.6370
9.8745	0063	1.9777	-1.6370
10.0442	0064	1.9777	-1.6370
10.2065	0065	1.9777	-1.6370
10.3723	0066	1.9777	-1.6370
10.5347	0067	1.9812	-1.6358
10.7068	0068	1.9812	-1.6358
10.8697	0069	1.9812	-1.6358
11.0376	0070	1.9812	-1.6358
11.2287	0071	1.9812	-1.6358
11.3617	0072	1.9812	-1.6358
11.5680	0073	1.9803	-1.6378
11.6967	0074	1.9803	-1.6378
11.8639	0075	1.9803	-1.6378
12.0308	0076	1.9803	-1.6378
12.2031	0077	1.9803	-1.6378
12.3637	0078	1.9803	-1.6378
12.5294	0079	1.9803	-1.6378
12.6903	0080	1.9803	-1.6378
12.8843	0081	1.9803	-1.6378
13.0246	0082	1.9803	-1.6378
13.1920	0083	1.9803	-1.6378
13.3592	0084	1.9834	-1.6355
13.5230	0085	1.9806	-1.6342
13.6897	0086	1.9806	-1.6342
13.8576	0087	1.9806	-1.6342
14.0270	0088	1.9806	-1.6342
14.1912	0089	1.9806	-1.6342
14.3568	0090	1.9806	-1.6342
14.5242	0091	1.9812	-1.6299
14.7041	0092	1.9812	-1.6299
14.8593	0093	1.9812	-1.6299
15.0254	0094	1.9812	-1.6299
15.1934	0095	1.9812	-1.6299
15.3831	0096	1.9812	-1.6299
15.5380	0097	1.9828	-1.6311
15.6903	0098	1.9828	-1.6311
15.8937	0099	1.9828	-1.6311
16.0242	0100	1.9828	-1.6311
16.2194	0101	1.9828	-1.6311
16.3596	0102	1.9828	-1.6311
16.5239	0103	1.8434	-1.6363
16.6900	0104	1.8434	-1.6363
16.8584	0105	1.8434	-1.6363
17.0246	0106	1.8434	-1.6363
17.2119	0107	1.8434	-1.6363
17.3598	0108	1.8434	-1.6363
17.5233	0109	1.6815	-1.6369
17.6916	0110	1.6815	-1.6369
17.8572	0111	1.6815	-1.6369
18.0239	0112	1.6815	-1.6369
18.2196	0113	1.6815	-1.6369
18.3585	0114	1.6815	-1.6369
18.5246	0115	1.5192	-1.6470
18.6908	0116	1.5192	-1.6470
18.8726	0117	1.5192	-1.6470
19.0374	0118	1.5192	-1.6470
19.1912	0119	1.5192	-1.6470
19.3616	0120	1.5192	-1.6470
19.5237	0121	1.4008	-1.6582
19.6902	0122	1.4008	-1.6582
19.8589	0123	1.4008	-1.6582
20.0295	0124	1.4008	-1.6582
20.2043	0125	1.4008	-1.6582
20.3572	0126	1.4008	-1.6582
20.5479	0127	1.4103	-1.6559
20.6920	0128	1.4103	-1.6559
20.8588	0129	1.4103	-1.6559
21.0305	0130	1.4103	-1.6559
21.2126	0131	1.4103	-1.6559
21.3578	0132	1.4103	-1.6559
21.5248	0133	1.4104	-1.6582
21.6922	0134	1.4104	-1.6582
21.8583	0135	1.4104	-1.6582
22.0242	0136	1.4104	-1.6582
22.2162	0137	1.4104	-1.6582
22.3577	0138	1.4104	-1.6582
22.5274	0139	1.4101	-1.6579
22.6907	0140	1.4101	-1.6579
22.8586	0141	1.4101	-1.6579
23.0243	0142	1.4101	-1.6579
23.2176	0143	1.4101	-1.6579
23.3594	0144	1.4101	-1.6579
23.5260	0145	1.4108	-1.6568
23.6924	0146	1.4108	-1.6568
23.8651	0147	1.4108	-1.6568
24.0291	0148	1.4108	-1.6568
24.1916	0149	1.4108	-1.6568
24.2825	0150	1.4108	-1.6568
24.4564	0151	1.4108	-1.6568
24.6165	0152	1.4122	-1.6567
24.8230	0153	1.4122	-1.6567
24.9445	0154	1.4122	-1.6567
25.1091	0155	1.4122	-1.6567
25.2808	0156	1.4122	-1.6567
25.4413	0157	1.4122	-1.6567
25.6570	0158	1.3995	-1.6582
25.7693	0159	1.3995	-1.6582
25.9347	0160	1.3995	-1.6582
26.1171	0161	1.3995	-1.6582
26.2665	0162	1.3995	-1.6582
26.4386	0163	1.3995	-1.6582
26.5997	0164	1.3144	-1.6688
26.7649	0165	1.3144	-1.6688
26.9287	0166	1.3144	-1.6688
27.0943	0167	1.3144	-1.6688
27.2623	0168	1.3144	-1.6688
27.4303	0169	1.3144	-1.6688
27.5927	0170	1.2222	-1.6766
27.7558	0171	1.2222	-1.6766
27.9467	0172	1.2222	-1.6766
28.0880	0173	1.2222	-1.6766
28.2534	0174	1.2222	-1.6766
28.4279	0175	1.2222	-1.6766
28.5840	0176	1.2222	-1.6766
28.7514	0177	1.2222	-1.6766
28.9178	0178	1.2222	-1.6766
29.0851	0179	1.2222	-1.6766
29.2527	0180	1.2222	-1.6766
29.4632	0181	1.2222	-1.6766
29.5779	0182	0.9933	-1.7080
29.7457	0183	0.9933	-1.7080
29.9108	0184	0.9933	-1.7080
30.0779	0185	0.9933	-1.7080
30.2441	0186	0.9933	-1.7080
30.4226	0187	0.9933	-1.7080
30.5719	0188	0.8096	-1.7439
30.7369	0189	0.8096	-1.7439
30.9022	0190	0.8096	-1.7439
31.0707	0191	0.8096	-1.7439
31.2596	0192	0.8096	-1.7439
31.4478	0193	0.8096	-1.7439
31.5675	0194	0.6235	-1.8027
31.7323	0195	0.6235	-1.8027
31.8962	0196	0.6235	-1.8027
32.0634	0197	0.6235	-1.8027
32.2350	0198	0.6235	-1.8027
32.3956	0199	0.6235	-1.8027
32.5600	0200	0.4651	-1.8777
32.7240	0201	0.4651	-1.8777
32.8892	0202	0.4651	-1.8777
33.0548	0203	0.4651	-1.8777
33.2221	0204	0.4651	-1.8777
33.3875	0205	0.4651	-1.8777
33.5533	0206	0.2885	-2.0922
33.7377	0207	0.2885	-2.0922
33.8944	0208	0.2885	-2.0922
34.0514	0209	0.2885	-2.0922
34.2176	0210	0.2885	-2.0922
34.3879	0211	0.2885	-2.0922
34.5477	0212	0.1515	0.3193
34.7110	0213	0.1515	0.3193
34.8786	0214	0.1515	0.3193
35.0525	0215	0.1515	0.3193
35.2325	0216	0.1515	0.3193
35.3755	0217	0.1515	0.3193
35.5415	0218	0.1567	-0.0046
35.7055	0219	0.1567	-0.0046
35.8738	0220	0.1567	-0.0046
36.0415	0221	0.1567	-0.0046
36.2107	0222	0.1567	-0.0046
36.4167	0223	0.1567	-0.0046
36.5376	0224	0.1388	-0.0046
36.7005	0225	0.1388	-0.0046
36.8689	0226	0.1388	-0.0046
37.0359	0227	0.1388	-0.0046
37.1973	0228	0.1388	-0.0046
37.3612	0229	0.1388	-0.0046
37.5281	0230	0.1444	-0.0046
37.6948	0231	0.1444	-0.0046
37.8616	0232	0.1444	-0.0046
38.0280	0233	0.1444	-0.0046
38.2372	0234	0.1444	-0.0046
38.3941	0235	0.1444	-0.0046
38.5260	0236	0.1472	-0.0046
38.6957	0237	0.1472	-0.0046
38.8613	0238	0.1472	-0.0046
39.0631	0239	0.1472	-0.0046
39.1950	0240	0.1472	-0.0046
39.3897	0241	0.1472	-0.0046
39.5278	0242	0.1472	-0.0046
39.6932	0243	0.1480	0.0136
39.8600	0244	0.1480	0.0136
40.0372	0245	0.1480	0.0136
40.1963	0246	0.1480	0.0136
40.3599	0247	0.1480	0.0136
40.5471	0248	0.1531	0.0136
40.6926	0249	0.1531	0.0136
40.8662	0250	0.1531	0.0136
41.0285	0251	0.1531	0.0136
41.1931	0252	0.1531	0.0136
41.3758	0253	0.1531	0.0136
41.5264	0254	0.1531	0.0136
41.6950	0255	0.1540	0.0136
41.8602	0256	0.1540	0.0136
42.0291	0257	0.1540	0.0136
42.1935	0258	0.1540	0.0136
42.3774	0259	0.1540	0.0136
42.5295	0260	0.1540	0.0136
42.7088	0261	0.1294	0.0291
42.8603	0262	0.1294	0.0291
43.0482	0263	0.1294	0.0291
43.1981	0264	0.1294	0.0291
43.3811	0265	0.1294	0.0291
43.5265	0266	0.1161	0.0291
43.6983	0267	0.1161	0.0291
43.8610	0268	0.1161	0.0291
44.0486	0269	0.1161	0.0291
44.1950	0270	0.1161	0.0291
44.3752	0271	0.1161	0.0291
44.5267	0272	0.0997	0.0291
44.6958	0273	0.0997	0.0291
44.8884	0274	0.0997	0.0291
45.0312	0275	0.0997	0.0291
45.1973	0276	0.0997	0.0291
45.3869	0277	0.0997	0.0291
45.5267	0278	0.0997	0.0291
45.6942	0279	0.0881	0.0291
45.8643	0280	0.0881	0.0291
46.0323	0281	0.0881	0.0291
46.1965	0282	0.0881	0.0291
46.3649	0283	0.0881	0.0291
46.5279	0284	0.0942	0.0035
46.6945	0285	0.0942	0.0035
46.8623	0286	0.0942	0.0035
47.0497	0287	0.0942	0.0035
47.1941	0288	0.0942	0.0035
47.3610	0289	0.0942	0.0035
47.5411	0290	0.0942	0.0035
47.6946	0291	0.0942	0.0035
47.8618	0292	0.0942	0.0035
48.0349	0293	0.0942	0.0035
48.1948	0294	0.0942	0.0035
48.3623	0295	0.0942	0.0035
48.5285	0296	0.1055	0.0402
48.6978	0297	0.1055	0.0402
48.8610	0298	0.1055	0.0402
49.0281	0299	0.1055	0.0402
49.2172	0300	0.1055	0.0402
49.3802	0301	0.1055	0.0402
49.4649	0302	0.1055	0.0402
49.6539	0303	0.0953	0.0402
49.7810	0304	0.0953	0.0402
49.9506	0305	0.0953	0.0402
50.1139	0306	0.0953	0.0402
50.2816	0307	0.0953	0.0402
50.4506	0308	0.0953	0.0402
50.6123	0309	0.0799	0.0402
50.7834	0310	0.0799	0.0402
50.9593	0311	0.0799	0.0402
51.1073	0312	0.0799	0.0402
51.2750	0313	0.0799	0.0402
51.4831	0314	0.0799	0.0402
51.6019	0315	0.0683	-0.0397
51.7692	0316	0.0683	-0.0397
51.9330	0317	0.0683	-0.0397
52.1005	0318	0.0683	-0.0397
52.2679	0319	0.0683	-0.0397
52.4320	0320	0.0683	-0.0397
52.5950	0321	0.0479	-0.0397
52.7624	0322	0.0479	-0.0397
52.9358	0323	0.0479	-0.0397
53.0940	0324	0.0479	-0.0397
53.2583	0325	0.0479	-0.0397
53.4526	0326	0.0479	-0.0397
53.5895	0327	0.0559	-0.0397
53.7564	0328	0.0559	-0.0397
53.9199	0329	0.0559	-0.0397
54.0893	0330	0.0559	-0.0397
54.2560	0331	0.0559	-0.0397
54.4621	0332	0.0559	-0.0397
54.5833	0333	0.0581	-0.0167
54.7887	0334	0.0581	-0.0167
54.9160	0335	0.0581	-0.0167
55.0820	0336	0.0581	-0.0167
55.2494	0337	0.0581	-0.0167
55.4116	0338	0.0581	-0.0167
55.5807	0339	0.0717	-0.0167
55.7431	0340	0.0717	-0.0167
55.9085	0341	0.0717	-0.0167
56.0733	0342	0.0717	-0.0167
56.2467	0343	0.0717	-0.0167
56.4051	0344	0.0717	-0.0167
56.5890	0345	0.0863	-0.0167
56.7793	0346	0.0863	-0.0167
56.9035	0347	0.0863	-0.0167
57.0676	0348	0.0863	-0.0167
57.2332	0349	0.0863	-0.0167
57.3983	0350	0.0863	-0.0167
57.5635	0351	0.1037	-0.0069
57.7323	0352	0.1037	-0.0069
57.8952	0353	0.1037	-0.0069
58.0607	0354	0.1037	-0.0069
58.2272	0355	0.1037	-0.0069
58.3933	0356	0.1037	-0.0069
58.5606	0357	0.1209	-0.0069
58.7238	0358	0.1209	-0.0069
58.8879	0359	0.1209	-0.0069
59.0590	0360	0.1209	-0.0069
59.2207	0361	0.1209	-0.0069
59.4305	0362	0.1209	-0.0069
59.5496	0363	0.1307	-0.0069
59.7168	0364	0.1307	-0.0069
59.8858	0365	0.1307	-0.0069
60.0526	0366	0.1307	-0.0069
60.2144	0367	0.1307	-0.0069
60.3777	0368	0.1307	-0.0069
60.5437	0369	0.1330	-0.0069
60.7094	0370	0.1330	-0.0069
60.8893	0371	0.1330	-0.0069
61.0480	0372	0.1330	-0.0069
61.2109	0373	0.1330	-0.0069
61.4199	0374	0.1330	-0.0069
61.5729	0375	0.1330	-0.0069
61.7026	0376	0.1330	-0.0069
61.8732	0377	0.1259	0.0321
62.0423	0378	0.1259	0.0321
62.2495	0379	0.1259	0.0321
62.3669	0380	0.1259	0.0321
62.5340	0381	0.1215	0.0321
62.6992	0382	0.1215	0.0321
62.8669	0383	0.1215	0.0321
63.0328	0384	0.1215	0.0321
63.1955	0385	0.1215	0.0321
63.3760	0386	0.1215	0.0321
63.5295	0387	0.1244	0.0321
63.7275	0388	0.1244	0.0321
63.8665	0389	0.1244	0.0321
64.0330	0390	0.1244	0.0321
64.2387	0391	0.1244	0.0321
64.3646	0392	0.1244	0.0321
64.5292	0393	0.1244	0.0321
64.6965	0394	0.1280	0.0020
64.8625	0395	0.1280	0.0020
65.0375	0396	0.1280	0.0020
65.1984	0397	0.1280	0.0020
65.3629	0398	0.1280	0.0020
65.5300	0399	0.1280	0.0020
65.6967	0400	0.1312	0.0020
65.8647	0401	0.1312	0.0020
66.0355	0402	0.1312	0.0020
66.1968	0403	0.1312	0.0020
66.3646	0404	0.1312	0.0020
66.5295	0405	0.1106	0.0020
66.6964	0406	0.1106	0.0020
66.8824	0407	0.1106	0.0020
67.0317	0408	0.1106	0.0020
67.1976	0409	0.1106	0.0020
67.3637	0410	0.1106	0.0020
67.5310	0411	0.1195	-0.0112
67.6961	0412	0.1195	-0.0112
67.8627	0413	0.1195	-0.0112
68.0297	0414	0.1195	-0.0112
68.1967	0415	0.1195	-0.0112
68.3839	0416	0.1195	-0.0112
68.5295	0417	0.1147	-0.0112
68.6972	0418	0.1147	-0.0112
68.8669	0419	0.1147	-0.0112
69.0507	0420	0.1147	-0.0112
69.1977	0421	0.1147	-0.0112
69.3660	0422	0.1147	-0.0112
69.5304	0423	0.1160	-0.0112
69.6979	0424	0.1160	-0.0112
69.8647	0425	0.1160	-0.0112
70.0345	0426	0.1160	-0.0112
70.1987	0427	0.1160	-0.0112
70.3640	0428	0.1160	-0.0112
70.5306	0429	0.1074	0.0462
70.6987	0430	0.1074	0.0462
70.8640	0431	0.1074	0.0462
71.0331	0432	0.1074	0.0462
71.1976	0433	0.1074	0.0462
71.3642	0434	0.1074	0.0462
71.5311	0435	0.0944	0.0462
71.6985	0436	0.0944	0.0462
71.8634	0437	0.0944	0.0462
72.0450	0438	0.0944	0.0462
72.1965	0439	0.0944	0.0462
72.3659	0440	0.0944	0.0462
72.5319	0441	0.0864	0.0462
72.7045	0442	0.0864	0.0462
72.8673	0443	0.0864	0.0462
73.0330	0444	0.0864	0.0462
73.1971	0445	0.0864	0.0462
73.3646	0446	0.0864	0.0462
73.5298	0447	0.0904	-0.0188
73.6968	0448	0.0904	-0.0188
73.8651	0449	0.0904	-0.0188
74.0361	0450	0.0904	-0.0188
74.1980	0451	0.0904	-0.0188
74.3663	0452	0.0904	-0.0188
74.5318	0453	0.1016	-0.0188
74.6986	0454	0.1016	-0.0188
74.7846	0455	0.1016	-0.0188
74.9751	0456	0.1016	-0.0188
75.1422	0457	0.1016	-0.0188
75.2839	0458	0.1016	-0.0188
75.4506	0459	0.1016	-0.0188
75.6685	0460	0.1185	-0.0188
75.8230	0461	0.1185	-0.0188
75.9807	0462	0.1185	-0.0188
76.1110	0463	0.1185	-0.0188
76.2796	0464	0.1185	-0.0188
76.4461	0465	0.1185	-0.0188
76.6099	0466	0.1191	0.0113
76.7974	0467	0.1191	0.0113
76.9373	0468	0.1191	0.0113
77.1418	0469	0.1191	0.0113
77.2689	0470	0.1191	0.0113
77.4458	0471	0.1191	0.0113
77.6442	0472	0.1191	0.0113
77.7655	0473	0.1191	0.0113
77.9316	0474	0.1191	0.0113
78.1334	0475	0.1146	0.0113
78.2709	0476	0.1146	0.0113
78.4454	0477	0.1146	0.0113
78.5958	0478	0.1216	-0.0075
78.7607	0479	0.1216	-0.0075
78.9247	0480	0.1216	-0.0075
79.0911	0481	0.1216	-0.0075
79.2573	0482	0.1216	-0.0075
79.4237	0483	0.1216	-0.0075
79.5901	0484	0.1087	-0.0075
79.7947	0485	0.1087	-0.0075
79.9179	0486	0.1087	-0.0075
80.0894	0487	0.1087	-0.0075
80.2666	0488	0.1087	-0.0075
80.4447	0489	0.1087	-0.0075
80.5821	0490	0.1171	-0.0075
80.7892	0491	0.1171	-0.0075
80.9140	0492	0.1171	-0.0075
81.0785	0493	0.1171	-0.0075
81.2464	0494	0.1171	-0.0075
81.4117	0495	0.1171	-0.0075
81.5948	0496	0.1135	-0.0044
81.7419	0497	0.1135	-0.0044
81.9053	0498	0.1135	-0.0044
82.0725	0499	0.1135	-0.0044
82.2506	0500	0.1135	-0.0044
82.4150	0501	0.1135	-0.0044
82.5685	0502	0.1250	-0.0044
82.7352	0503	0.1250	-0.0044
82.9208	0504	0.1250	-0.0044
83.0688	0505	0.1250	-0.0044
83.2359	0506	0.1250	-0.0044
83.4025	0507	0.1250	-0.0044
83.5625	0508	0.1249	-0.0044
83.7657	0509	0.1249	-0.0044
83.8944	0510	0.1249	-0.0044
84.0758	0511	0.1249	-0.0044
84.2635	0512	0.1249	-0.0044
84.4212	0513	0.1249	-0.0044
84.5564	0514	0.1353	-0.0023
84.7228	0515	0.1353	-0.0023
84.8871	0516	0.1353	-0.0023
85.0555	0517	0.1353	-0.0023
85.2172	0518	0.1353	-0.0023
85.3840	0519	0.1353	-0.0023
85.5492	0520	0.1441	-0.0023
85.7547	0521	0.1441	-0.0023
85.8839	0522	0.1441	-0.0023
86.0500	0523	0.1441	-0.0023
86.2122	0524	0.1441	-0.0023
86.4272	0525	0.1441	-0.0023
86.5418	0526	0.1400	-0.0296
86.7078	0527	0.1400	-0.0296
86.8755	0528	0.1400	-0.0296
87.0470	0529	0.1400	-0.0296
87.2564	0530	0.1400	-0.0296
87.3730	0531	0.1400	-0.0296
87.5363	0532	0.1539	-0.0296
87.7013	0533	0.1539	-0.0296
87.8716	0534	0.1539	-0.0296
88.0391	0535	0.1539	-0.0296
88.2532	0536	0.1539	-0.0296
88.3689	0537	0.1539	-0.0296
88.5478	0538	0.1520	-0.0296
88.6988	0539	0.1520	-0.0296
88.8687	0540	0.1520	-0.0296
89.0373	0541	0.1520	-0.0296
89.1997	0542	0.1520	-0.0296
89.4083	0543	0.1520	-0.0296
89.5336	0544	0.1662	0.0098
89.7007	0545	0.1662	0.0098
89.8675	0546	0.1662	0.0098
90.0356	0547	0.1662	0.0098
90.1997	0548	0.1662	0.0098
90.3661	0549	0.1662	0.0098
90.5320	0550	0.1607	0.0098
90.6998	0551	0.1607	0.0098
90.8683	0552	0.1607	0.0098
91.0399	0553	0.1607	0.0098
91.2000	0554	0.1607	0.0098
91.3658	0555	0.1607	0.0098
91.5325	0556	0.1528	0.0338
91.7116	0557	0.1528	0.0338
91.8666	0558	0.1528	0.0338
92.0424	0559	0.1528	0.0338
92.2030	0560	0.1528	0.0338
92.3665	0561	0.1528	0.0338
92.5333	0562	0.1321	0.0338
92.7142	0563	0.1321	0.0338
92.8673	0564	0.1321	0.0338
93.0440	0565	0.1321	0.0338
93.2227	0566	0.1321	0.0338
93.3657	0567	0.1321	0.0338
93.5333	0568	0.1321	0.0338
93.6998	0569	0.1321	0.0338
93.8729	0570	0.1321	0.0338
94.0357	0571	0.1321	0.0338
94.1994	0572	0.1321	0.0338
94.3682	0573	0.1138	0.0338
94.5481	0574	0.0988	-0.0365
94.7001	0575	0.0988	-0.0365
94.8844	0576	0.0988	-0.0365
95.0336	0577	0.0988	-0.0365
95.2045	0578	0.0988	-0.0365
95.3835	0579	0.0988	-0.0365
95.5341	0580	0.1203	-0.0365
95.7012	0581	0.1203	-0.0365
95.8671	0582	0.1203	-0.0365
96.0345	0583	0.1203	-0.0365
96.2251	0584	0.1203	-0.0365
96.3691	0585	0.1203	-0.0365
96.5337	0586	0.1313	-0.0365
96.6996	0587	0.1313	-0.0365
96.8688	0588	0.1313	-0.0365
97.0431	0589	0.1313	-0.0365
97.2281	0590	0.1313	-0.0365
97.3664	0591	0.1313	-0.0365
97.5338	0592	0.1478	0.0351
97.7015	0593	0.1478	0.0351
97.8803	0594	0.1478	0.0351
98.0367	0595	0.1478	0.0351
98.2003	0596	0.1478	0.0351
98.3829	0597	0.1478	0.0351
98.5532	0598	0.1431	0.0351
98.7030	0599	0.1431	0.0351
98.8683	0600	0.1431	0.0351
99.0356	0601	0.1431	0.0351
99.2000	0602	0.1431	0.0351
99.3676	0603	0.1431	0.0351
99.5540	0604	0.1403	0.0351
99.7001	0605	0.1403	0.0351
99.8685	0606	0.1403	0.0351
100.0360	0607	0.1403	0.0351
100.1209	0608	0.1403	0.0351
100.2890	0609	0.1403	0.0351
100.4544	0610	0.1403	0.0351
100.6211	0611	0.1412	0.0242
100.7860	0612	0.1412	0.0242
100.9916	0613	0.1412	0.0242
101.1164	0614	0.1412	0.0242
101.2824	0615	0.1412	0.0242
101.4498	0616	0.1412	0.0242
101.6142	0617	0.1266	0.0242
101.7952	0618	0.1266	0.0242
101.9512	0619	0.1266	0.0242
102.1081	0620	0.1266	0.0242
102.2751	0621	0.1266	0.0242
102.4434	0622	0.1266	0.0242
102.6079	0623	0.1215	-0.0241
102.7734	0624	0.1215	-0.0241
102.9356	0625	0.1215	-0.0241
103.1034	0626	0.1215	-0.0241
103.2678	0627	0.1215	-0.0241
103.4371	0628	0.1215	-0.0241
103.6016	0629	0.1201	-0.0241
103.7936	0630	0.1201	-0.0241
103.9720	0631	0.1201	-0.0241
104.0986	0632	0.1201	-0.0241
104.2620	0633	0.1201	-0.0241
104.4272	0634	0.1201	-0.0241
104.6340	0635	0.1291	-0.0241
104.7583	0636	0.1291	-0.0241
104.9290	0637	0.1291	-0.0241
105.1234	0638	0.1291	-0.0241
105.2591	0639	0.1291	-0.0241
105.4283	0640	0.1291	-0.0241
105.5929	0641	0.1393	0.0019
105.7891	0642	0.1393	0.0019
105.9187	0643	0.1393	0.0019
106.0853	0644	0.1393	0.0019
106.2525	0645	0.1393	0.0019
106.4682	0646	0.1393	0.0019
106.5789	0647	0.1416	0.0019
106.7440	0648	0.1416	0.0019
106.9128	0649	0.1416	0.0019
107.0784	0650	0.1416	0.0019
107.2535	0651	0.1416	0.0019
107.4533	0652	0.1416	0.0019
107.5739	0653	0.1511	0.0019
107.7830	0654	0.1511	0.0019
107.9073	0655	0.1511	0.0019
108.0730	0656	0.1511	0.0019
108.2830	0657	0.1511	0.0019
108.4437	0658	0.1511	0.0019
108.5666	0659	0.1553	-0.0019
108.7343	0660	0.1553	-0.0019
108.8996	0661	0.1553	-0.0019
109.0728	0662	0.1553	-0.0019
109.2702	0663	0.1553	-0.0019
109.3937	0664	0.1553	-0.0019
109.5599	0665	0.1553	-0.0019
109.7287	0666	0.1553	-0.0019
109.8928	0667	0.1553	-0.0019
110.0610	0668	0.1553	-0.0019
110.2351	0669	0.1553	-0.0019
110.4066	0670	0.1553	-0.0019
110.5540	0671	0.1776	0.0187
110.7593	0672	0.1776	0.0187
110.8869	0673	0.1776	0.0187
111.0562	0674	0.1776	0.0187
111.2190	0675	0.1776	0.0187
111.3837	0676	0.1776	0.0187
111.5465	0677	0.1818	0.0187
111.7297	0678	0.1818	0.0187
111.8959	0679	0.1818	0.0187
112.0497	0680	0.1818	0.0187
112.2624	0681	0.1818	0.0187
112.3748	0682	0.1818	0.0187
112.5442	0683	0.1910	0.0187
112.7116	0684	0.1910	0.0187
112.8767	0685	0.1910	0.0187
113.0467	0686	0.1910	0.0187
113.2070	0687	0.1910	0.0187
113.3691	0688	0.1910	0.0187
113.5779	0689	0.1885	0.0161
113.7091	0690	0.1885	0.0161
113.8710	0691	0.1885	0.0161
114.0358	0692	0.1885	0.0161
114.2505	0693	0.1885	0.0161
114.3685	0694	0.1885	0.0161
114.5476	0695	0.1880	0.0161
114.7027	0696	0.1880	0.0161
114.8913	0697	0.1880	0.0161
115.0355	0698	0.1880	0.0161
115.2030	0699	0.1880	0.0161
115.3712	0700	0.1880	0.0161
115.5403	0701	0.1959	-0.0325
115.7020	0702	0.1959	-0.0325
115.8707	0703	0.1959	-0.0325
116.0661	0704	0.1959	-0.0325
116.2045	0705	0.1959	-0.0325
116.3703	0706	0.1959	-0.0325
116.5441	0707	0.2080	-0.0325
116.7033	0708	0.2080	-0.0325
116.8707	0709	0.2080	-0.0325
117.0785	0710	0.2080	-0.0325
117.2048	0711	0.2080	-0.0325
117.3687	0712	0.2080	-0.0325
117.5355	0713	0.2259	-0.0325
117.7029	0714	0.2259	-0.0325
117.8691	0715	0.2259	-0.0325
118.0383	0716	0.2259	-0.0325
118.2028	0717	0.2259	-0.0325
118.3693	0718	0.2259	-0.0325
118.5552	0719	0.2056	0.0827
118.7021	0720	0.2056	0.0827
118.8994	0721	0.2056	0.0827
119.0545	0722	0.2056	0.0827
119.2042	0723	0.2056	0.0827
119.3739	0724	0.2056	0.0827
119.5360	0725	0.1854	0.0827
119.7024	0726	0.1854	0.0827
119.8857	0727	0.1854	0.0827
120.0398	0728	0.1854	0.0827
120.2222	0729	0.1854	0.0827
120.3689	0730	0.1854	0.0827
120.5368	0731	0.1867	-0.0142
120.7047	0732	0.1867	-0.0142
120.8725	0733	0.1867	-0.0142
121.0387	0734	0.1867	-0.0142
121.2026	0735	0.1867	-0.0142
121.3697	0736	0.1867	-0.0142
121.5372	0737	0.1978	-0.0142
121.7040	0738	0.1978	-0.0142
121.8710	0739	0.1978	-0.0142
122.0361	0740	0.1978	-0.0142
122.2027	0741	0.1978	-0.0142
122.3886	0742	0.1978	-0.0142
122.5388	0743	0.1973	0.0229
122.7033	0744	0.1973	0.0229
122.8703	0745	0.1973	0.0229
123.0445	0746	0.1973	0.0229
123.2252	0747	0.1973	0.0229
123.3694	0748	0.1973	0.0229
123.5394	0749	0.1810	0.0229
123.7028	0750	0.1810	0.0229
123.8810	0751	0.1810	0.0229
124.0363	0752	0.1810	0.0229
124.2035	0753	0.1810	0.0229
124.3728	0754	0.1810	0.0229
124.5385	0755	0.1842	0.0229
124.7031	0756	0.1842	0.0229
124.8712	0757	0.1842	0.0229
125.0385	0758	0.1842	0.0229
125.2072	0759	0.1842	0.0229
125.2933	0760	0.1842	0.0229
125.4584	0761	0.1842	0.0229
125.6251	0762	0.1834	-0.0076
125.7986	0763	0.1834	-0.0076
125.9530	0764	0.1834	-0.0076
126.1191	0765	0.1834	-0.0076
126.2856	0766	0.1834	-0.0076
126.4544	0767	0.1834	-0.0076
126.6466	0768	0.1834	-0.0076
126.8274	0769	0.2016	-0.0076
126.9472	0770	0.2016	-0.0076
127.1156	0771	0.2016	-0.0076
127.2999	0772	0.2016	-0.0076
127.4830	0773	0.2016	-0.0076
127.6121	0774	0.2110	-0.0076
127.7779	0775	0.2110	-0.0076
127.9581	0776	0.2110	-0.0076
128.1060	0777	0.2110	-0.0076
128.2723	0778	0.2110	-0.0076
128.4394	0779	0.2110	-0.0076
128.6041	0780	0.2135	0.0208
128.7707	0781	0.2135	0.0208
128.9344	0782	0.2135	0.0208
129.0995	0783	0.2135	0.0208
129.2657	0784	0.2135	0.0208
129.4318	0785	0.2135	0.0208
129.6252	0786	0.2005	0.0208
129.7976	0787	0.2005	0.0208
129.9274	0788	0.2005	0.0208
130.0962	0789	0.2005	0.0208
130.2623	0790	0.2005	0.0208
130.4759	0791	0.2005	0.0208
130.5934	0792	0.1935	0.0060
130.7600	0793	0.1935	0.0060
130.9252	0794	0.1935	0.0060
131.0921	0795	0.1935	0.0060
131.2548	0796	0.1935	0.0060
131.4602	0797	0.1935	0.0060
131.5845	0798	0.1860	0.0060
131.7840	0799	0.1860	0.0060
131.9178	0800	0.1860	0.0060
132.0851	0801	0.1860	0.0060
132.2626	0802	0.1860	0.0060
132.4427	0803	0.1860	0.0060
132.5772	0804	0.1789	0.0060
132.7473	0805	0.1789	0.0060
132.9115	0806	0.1789	0.0060
133.0783	0807	0.1789	0.0060
133.2472	0808	0.1789	0.0060
133.4351	0809	0.1789	0.0060
133.5964	0810	0.1863	-0.0175
133.7369	0811	0.1863	-0.0175
133.9370	0812	0.1863	-0.0175
134.0696	0813	0.1863	-0.0175
134.2342	0814	0.1863	-0.0175
134.3989	0815	0.1863	-0.0175
134.5649	0816	0.1852	-0.0175
134.7335	0817	0.1852	-0.0175
134.8951	0818	0.1852	-0.0175
135.0660	0819	0.1852	-0.0175
135.2283	0820	0.1852	-0.0175
135.4057	0821	0.1852	-0.0175
135.5590	0822	0.2105	-0.0175
135.7352	0823	0.2105	-0.0175
135.8901	0824	0.2105	-0.0175
136.0605	0825	0.2105	-0.0175
136.2211	0826	0.2105	-0.0175
136.3863	0827	0.2105	-0.0175
136.5533	0828	0.2148	0.0187
136.7187	0829	0.2148	0.0187
136.8898	0830	0.2148	0.0187
137.0535	0831	0.2148	0.0187
137.2685	0832	0.2148	0.0187
137.3816	0833	0.2148	0.0187
137.5448	0834	0.2162	0.0187
137.7120	0835	0.2162	0.0187
137.8795	0836	0.2162	0.0187
138.0649	0837	0.2162	0.0187
138.2113	0838	0.2162	0.0187
138.3862	0839	0.2162	0.0187
138.5396	0840	0.2174	0.0187
138.7054	0841	0.2174	0.0187
138.8738	0842	0.2174	0.0187
139.0450	0843	0.2174	0.0187
139.2124	0844	0.2174	0.0187
139.4124	0845	0.2174	0.0187
139.5389	0846	0.1936	0.1124
139.7075	0847	0.1936	0.1124
139.8720	0848	0.1936	0.1124
140.0394	0849	0.1936	0.1124
140.2459	0850	0.1936	0.1124
140.3714	0851	0.1936	0.1124
140.5390	0852	0.1474	0.1124
140.7092	0853	0.1474	0.1124
140.8732	0854	0.1474	0.1124
141.0395	0855	0.1474	0.1124
141.2063	0856	0.1474	0.1124
141.3727	0857	0.1474	0.1124
141.5395	0858	0.1230	-0.0282
141.7053	0859	0.1230	-0.0282
141.8745	0860	0.1230	-0.0282
142.0418	0861	0.1230	-0.0282
142.2237	0862	0.1230	-0.0282
142.3740	0863	0.1230	-0.0282
142.5393	0864	0.1230	-0.0282
142.7059	0865	0.1230	-0.0282
142.8733	0866	0.1490	-0.0282
143.0453	0867	0.1490	-0.0282
143.2060	0868	0.1490	-0.0282
143.3893	0869	0.1490	-0.0282
143.5386	0870	0.1652	-0.0282
143.7057	0871	0.1652	-0.0282
143.8734	0872	0.1652	-0.0282
144.0398	0873	0.1652	-0.0282
144.2081	0874	0.1652	-0.0282
144.3739	0875	0.1652	-0.0282
144.5558	0876	0.1720	0.0209
144.7055	0877	0.1720	0.0209
144.8733	0878	0.1720	0.0209
145.0440	0879	0.1720	0.0209
145.2058	0880	0.1720	0.0209
145.3885	0881	0.1720	0.0209
145.5398	0882	0.1710	0.0209
145.7069	0883	0.1710	0.0209
145.8733	0884	0.1710	0.0209
146.0593	0885	0.1710	0.0209
146.2085	0886	0.1710	0.0209
146.3743	0887	0.1710	0.0209
146.5389	0888	0.1640	-0.0180
146.7057	0889	0.1640	-0.0180
146.8745	0890	0.1640	-0.0180
147.0425	0891	0.1640	-0.0180
147.2146	0892	0.1640	-0.0180
147.3725	0893	0.1640	-0.0180
147.5391	0894	0.1839	-0.0180
147.7099	0895	0.1839	-0.0180
147.8911	0896	0.1839	-0.0180
148.0447	0897	0.1839	-0.0180
148.2269	0898	0.1839	-0.0180
148.3775	0899	0.1839	-0.0180
148.5404	0900	0.1976	-0.0180
148.7059	0901	0.1976	-0.0180
148.8746	0902	0.1976	-0.0180
149.0420	0903	0.1976	-0.0180
149.2078	0904	0.1976	-0.0180
149.3884	0905	0.1976	-0.0180
149.5401	0906	0.1997	-0.0180
149.7065	0907	0.1997	-0.0180
149.8741	0908	0.1997	-0.0180
150.0424	0909	0.1997	-0.0180
150.2064	0910	0.1997	-0.0180
150.3736	0911	0.1997	-0.0180
150.5392	0912	0.2148	-0.0108
150.6269	0913	0.2148	-0.0108
150.7921	0914	0.2148	-0.0108
150.9584	0915	0.2148	-0.0108
151.1248	0916	0.2148	-0.0108
151.2917	0917	0.2148	-0.0108
151.4589	0918	0.2148	-0.0108
151.6297	0919	0.2244	-0.0108
151.7877	0920	0.2244	-0.0108
151.9918	0921	0.2244	-0.0108
152.1200	0922	0.2244	-0.0108
152.2860	0923	0.2244	-0.0108
152.4630	0924	0.2244	-0.0108
152.6148	0925	0.2301	0.0120
152.7850	0926	0.2301	0.0120
152.9452	0927	0.2301	0.0120
153.1333	0928	0.2301	0.0120
153.2807	0929	0.2301	0.0120
153.4450	0930	0.2301	0.0120
153.6393	0931	0.2279	0.0120
153.8060	0932	0.2279	0.0120
153.9392	0933	0.2279	0.0120
154.1074	0934	0.2279	0.0120
154.3045	0935	0.2279	0.0120
154.4716	0936	0.2279	0.0120
154.6497	0937	0.2284	0.0120
154.7674	0938	0.2284	0.0120
154.9352	0939	0.2284	0.0120
155.1019	0940	0.2284	0.0120
155.2767	0941	0.2284	0.0120
155.4706	0942	0.2284	0.0120
155.5950	0943	0.2191	0.0491
155.7623	0944	0.2191	0.0491
155.9313	0945	0.2191	0.0491
156.0945	0946	0.2191	0.0491
156.2610	0947	0.2191	0.0491
156.4319	0948	0.2191	0.0491
156.5883	0949	0.2009	0.0491
156.7946	0950	0.2009	0.0491
156.9220	0951	0.2009	0.0491
157.0879	0952	0.2009	0.0491
157.2547	0953	0.2009	0.0491
157.4213	0954	0.2009	0.0491
157.5824	0955	0.1918	-0.0262
157.7503	0956	0.1918	-0.0262
157.9162	0957	0.1918	-0.0262
158.0790	0958	0.1918	-0.0262
158.2453	0959	0.1918	-0.0262
158.4263	0960	0.1918	-0.0262
158.5761	0961	0.1918	-0.0262
158.7819	0962	0.1918	-0.0262
158.9091	0963	0.1918	-0.0262
159.0742	0964	0.2036	-0.0262
159.2927	0965	0.2036	-0.0262
159.4041	0966	0.2036	-0.0262
159.6045	0967	0.2076	-0.0046
159.7351	0968	0.2076	-0.0046
159.9048	0969	0.2076	-0.0046
160.0703	0970	0.2076	-0.0046
160.2756	0971	0.2076	-0.0046
160.3982	0972	0.2076	-0.0046
160.5631	0973	0.2140	-0.0046
160.7368	0974	0.2140	-0.0046
160.8958	0975	0.2140	-0.0046
161.0615	0976	0.2140	-0.0046
161.2829	0977	0.2140	-0.0046
161.3902	0978	0.2140	-0.0046
161.5779	0979	0.2129	-0.0046
161.7228	0980	0.2129	-0.0046
161.8880	0981	0.2129	-0.0046
162.0602	0982	0.2129	-0.0046
162.2228	0983	0.2129	-0.0046
162.4311	0984	0.2129	-0.0046
162.5528	0985	0.2129	-0.0046
162.7178	0986	0.2194	-0.0046
162.8848	0987	0.2194	-0.0046
163.0562	0988	0.2194	-0.0046
163.2449	0989	0.2194	-0.0046
163.3783	0990	0.2194	-0.0046
163.5464	0991	0.2194	-0.0046
163.7101	0992	0.2212	-0.0045
163.8796	0993	0.2212	-0.0045
164.0627	0994	0.2212	-0.0045
164.2511	0995	0.2212	-0.0045
164.4192	0996	0.2212	-0.0045
164.5432	0997	0.2331	-0.0045
164.7097	0998	0.2331	-0.0045
164.8767	0999	0.2331	-0.0045
165.0837	1000	0.2331	-0.0045
165.2085	1001	0.2331	-0.0045
165.3753	1002	0.2331	-0.0045
165.5418	1003	0.2409	-0.0045
165.7079	1004	0.2409	-0.0045
165.8777	1005	0.2409	-0.0045
166.0452	1006	0.2409	-0.0045
166.2122	1007	0.2409	-0.0045
166.3774	1008	0.2409	-0.0045
166.5414	1009	0.2260	0.0224
166.7079	1010	0.2260	0.0224
166.8785	1011	0.2260	0.0224
167.0495	1012	0.2260	0.0224
167.2295	1013	0.2260	0.0224
167.3771	1014	0.2260	0.0224
167.5428	1015	0.2138	0.0224
167.7082	1016	0.2138	0.0224
167.8755	1017	0.2138	0.0224
168.0456	1018	0.2138	0.0224
168.2127	1019	0.2138	0.0224
168.3981	1020	0.2138	0.0224
168.5419	1021	0.1973	0.0224
168.7110	1022	0.1973	0.0224
168.8774	1023	0.1973	0.0224
169.0734	1024	0.1973	0.0224
169.2317	1025	0.1973	0.0224
169.3947	1026	0.1973	0.0224
169.5594	1027	0.1955	-0.0293
169.7103	1028	0.1955	-0.0293
169.8784	1029	0.1955	-0.0293
170.0450	1030	0.1955	-0.0293
170.2304	1031	0.1955	-0.0293
170.3753	1032	0.1955	-0.0293
170.5427	1033	0.2140	-0.0293
170.7112	1034	0.2140	-0.0293
170.8758	1035	0.2140	-0.0293
171.0607	1036	0.2140	-0.0293
171.2293	1037	0.2140	-0.0293
171.3768	1038	0.2140	-0.0293
171.5624	1039	0.2194	-0.0293
171.7098	1040	0.2194	-0.0293
171.8772	1041	0.2194	-0.0293
172.0679	1042	0.2194	-0.0293
172.2087	1043	0.2194	-0.0293
172.3787	1044	0.2194	-0.0293
172.5449	1045	0.2271	0.0111
172.7106	1046	0.2271	0.0111
172.8763	1047	0.2271	0.0111
173.0421	1048	0.2271	0.0111
173.2090	1049	0.2271	0.0111
173.3910	1050	0.2271	0.0111
173.5435	1051	0.2227	0.0111
173.7112	1052	0.2227	0.0111
173.8769	1053	0.2227	0.0111
174.0428	1054	0.2227	0.0111
174.2251	1055	0.2227	0.0111
174.3752	1056	0.2227	0.0111
174.5443	1057	0.2227	0.0111
174.7134	1058	0.2227	0.0111
174.8754	1059	0.2227	0.0111
175.0439	1060	0.2227	0.0111
175.2283	1061	0.2227	0.0111
175.3785	1062	0.2252	0.0111
175.5419	1063	0.2295	-0.0398
175.7091	1064	0.2295	-0.0398
175.7958	1065	0.2295	-0.0398
175.9882	1066	0.2295	-0.0398
176.1661	1067	0.2295	-0.0398
176.2978	1068	0.2295	-0.0398
176.4608	1069	0.2295	-0.0398
176.6374	1070	0.2203	-0.0398
176.7896	1071	0.2203	-0.0398
176.9924	1072	0.2203	-0.0398
177.1233	1073	0.2203	-0.0398
177.2875	1074	0.2203	-0.0398
177.4581	1075	0.2203	-0.0398
177.6198	1076	0.2229	-0.0398
177.7854	1077	0.2229	-0.0398
177.9524	1078	0.2229	-0.0398
178.1168	1079	0.2229	-0.0398
178.2837	1080	0.2229	-0.0398
178.4456	1081	0.2229	-0.0398
178.6110	1082	0.2088	0.0311
178.7792	1083	0.2088	0.0311
178.9621	1084	0.2088	0.0311
179.1088	1085	0.2088	0.0311
179.2778	1086	0.2088	0.0311
179.4410	1087	0.2088	0.0311
179.6385	1088	0.1985	0.0311
179.7703	1089	0.1985	0.0311
179.9378	1090	0.1985	0.0311
180.1016	1091	0.1985	0.0311
180.2675	1092	0.1985	0.0311
180.4322	1093	0.1985	0.0311
180.6005	1094	0.1843	0.0311
180.8079	1095	0.1843	0.0311
180.9304	1096	0.1843	0.0311
181.0973	1097	0.1843	0.0311
181.3007	1098	0.1843	0.0311
181.4264	1099	0.1843	0.0311
181.6376	1100	0.1964	-0.0252
181.7587	1101	0.1964	-0.0252
181.9241	1102	0.1964	-0.0252
182.0924	1103	0.1964	-0.0252
182.2560	1104	0.1964	-0.0252
182.4193	1105	0.1964	-0.0252
182.5861	1106	0.2172	-0.0252
182.7508	1107	0.2172	-0.0252
182.9159	1108	0.2172	-0.0252
183.0840	1109	0.2172	-0.0252
183.2538	1110	0.2172	-0.0252
183.4131	1111	0.2172	-0.0252
183.5815	1112	0.2176	-0.0252
183.7458	1113	0.2176	-0.0252
183.9436	1114	0.2176	-0.0252
184.0786	1115	0.2176	-0.0252
184.2613	1116	0.2176	-0.0252
184.4492	1117	0.2176	-0.0252
184.5730	1118	0.2176	-0.0252
184.7380	1119	0.1944	-0.0032
184.9025	1120	0.1944	-0.0032
185.0722	1121	0.1944	-0.0032
185.2377	1122	0.1944	-0.0032
185.4090	1123	0.1944	-0.0032
185.5704	1124	0.1944	-0.0032
185.7304	1125	0.2021	-0.0032
185.8975	1126	0.2021	-0.0032
186.0674	1127	0.2021	-0.0032
186.2662	1128	0.2021	-0.0032
186.3925	1129	0.2021	-0.0032
186.6001	1130	0.2021	-0.0032
186.7235	1131	0.2048	0.0209
186.8912	1132	0.2048	0.0209
187.0588	1133	0.2048	0.0209
187.2216	1134	0.2048	0.0209
187.4067	1135	0.2048	0.0209
187.5523	1136	0.1951	0.0209
187.7379	1137	0.1951	0.0209
187.8843	1138	0.1951	0.0209
188.0633	1139	0.1951	0.0209
188.2724	1140	0.1951	0.0209
188.3830	1141	0.1951	0.0209
188.5452	1142	0.1899	0.0209
188.7103	1143	0.1899	0.0209
188.8796	1144	0.1899	0.0209
189.0739	1145	0.1899	0.0209
189.2166	1146	0.1899	0.0209
189.3755	1147	0.1899	0.0209
189.5429	1148	0.1833	-0.0131
189.7075	1149	0.1833	-0.0131
189.8746	1150	0.1833	-0.0131
190.0483	1151	0.1833	-0.0131
190.2161	1152	0.1833	-0.0131
190.3737	1153	0.1833	-0.0131
190.5407	1154	0.1833	-0.0131
190.7292	1155	0.1833	-0.0131
190.8948	1156	0.1833	-0.0131
191.0509	1157	0.1833	-0.0131
191.2117	1158	0.1833	-0.0131
191.3757	1159	0.1833	-0.0131
191.5408	1160	0.1920	-0.0131
191.7114	1161	0.1920	-0.0131
191.8752	1162	0.1920	-0.0131
192.0433	1163	0.1920	-0.0131
192.2379	1164	0.1920	-0.0131
192.3744	1165	0.1920	-0.0131
192.5400	1166	0.1955	-0.0461
192.7068	1167	0.1955	-0.0461
192.8746	1168	0.1955	-0.0461
193.0453	1169	0.1955	-0.0461
193.2081	1170	0.1955	-0.0461
193.3737	1171	0.1955	-0.0461
193.5402	1172	0.2061	-0.0461
193.7075	1173	0.2061	-0.0461
193.8750	1174	0.2061	-0.0461
194.0407	1175	0.2061	-0.0461
194.2069	1176	0.2061	-0.0461
194.3739	1177	0.2061	-0.0461
194.5560	1178	0.2080	-0.0461
194.7082	1179	0.2080	-0.0461
194.8751	1180	0.2080	-0.0461
195.0428	1181	0.2080	-0.0461
195.2290	1182	0.2080	-0.0461
195.3785	1183	0.2080	-0.0461
195.5560	1184	0.2136	0.0284
195.7065	1185	0.2136	0.0284
195.8744	1186	0.2136	0.0284
196.0410	1187	0.2136	0.0284
196.2073	1188	0.2136	0.0284
196.3898	1189	0.2136	0.0284
196.5414	1190	0.2025	0.0284
196.7084	1191	0.2025	0.0284
196.8734	1192	0.2025	0.0284
197.0776	1193	0.2025	0.0284
197.2063	1194	0.2025	0.0284
197.3892	1195	0.2025	0.0284
197.5428	1196	0.1911	0.0284
197.7061	1197	0.1911	0.0284
197.8741	1198	0.1911	0.0284
198.0455	1199	0.1911	0.0284
198.2087	1200	0.1911	0.0284
198.3732	1201	0.1911	0.0284
198.5397	1202	0.1754	0.0284
198.7071	1203	0.1754	0.0284
198.8761	1204	0.1754	0.0284
199.0432	1205	0.1754	0.0284
199.2290	1206	0.1754	0.0284
199.3736	1207	0.1754	0.0284
199.5402	1208	0.1667	-0.0193
199.7217	1209	0.1667	-0.0193
199.8729	1210	0.1667	-0.0193
200.0408	1211	0.1667	-0.0193
200.2078	1212	0.1667	-0.0193
200.3940	1213	0.1667	-0.0193
200.5598	1214	0.1669	-0.0193
200.7068	1215	0.1669	-0.0193
200.8735	1216	0.1669	-0.0193
201.0426	1217	0.1669	-0.0193
201.1273	1218	0.1669	-0.0193
201.2963	1219	0.1669	-0.0193
201.4634	1220	0.1669	-0.0193
201.6270	1221	0.1594	-0.0193
201.8298	1222	0.1594	-0.0193
201.9547	1223	0.1594	-0.0193
202.1226	1224	0.1594	-0.0193
202.2892	1225	0.1594	-0.0193
202.4594	1226	0.1594	-0.0193
202.6505	1227	0.1397	-0.0392
202.7827	1228	0.1397	-0.0392
202.9484	1229	0.1397	-0.0392
203.1149	1230	0.1397	-0.0392
203.2799	1231	0.1397	-0.0392
203.4626	1232	0.1397	-0.0392
203.6103	1233	0.1603	-0.0392
203.8161	1234	0.1603	-0.0392
203.9415	1235	0.1603	-0.0392
204.1079	1236	0.1603	-0.0392
204.2752	1237	0.1603	-0.0392
204.4403	1238	0.1603	-0.0392
204.6441	1239	0.1690	-0.0392
204.7732	1240	0.1690	-0.0392
204.9358	1241	0.1690	-0.0392
205.1005	1242	0.1690	-0.0392
205.2678	1243	0.1690	-0.0392
205.4331	1244	0.1690	-0.0392
205.6181	1245	0.1781	-0.0337
205.7668	1246	0.1781	-0.0337
205.9302	1247	0.1781	-0.0337
206.0980	1248	0.1781	-0.0337
206.2628	1249	0.1781	-0.0337
206.4273	1250	0.1781	-0.0337
206.6367	1251	0.1879	-0.0337
206.7605	1252	0.1879	-0.0337
206.9235	1253	0.1879	-0.0337
207.0887	1254	0.1879	-0.0337
207.2562	1255	0.1879	-0.0337
207.4186	1256	0.1879	-0.0337
207.5966	1257	0.1879	-0.0337
207.7522	1258	0.2044	-0.0337
207.9190	1259	0.2044	-0.0337
208.1180	1260	0.2044	-0.0337
208.2484	1261	0.2044	-0.0337
208.4171	1262	0.2044	-0.0337
208.6172	1263	0.1873	0.0264
208.7430	1264	0.1873	0.0264
208.9100	1265	0.1873	0.0264
209.0777	1266	0.1873	0.0264
209.2413	1267	0.1873	0.0264
209.4130	1268	0.1873	0.0264
209.5715	1269	0.1626	0.0264
209.7357	1270	0.1626	0.0264
209.9028	1271	0.1626	0.0264
210.0701	1272	0.1626	0.0264
210.2408	1273	0.1626	0.0264
210.4022	1274	0.1626	0.0264
210.5645	1275	0.1189	0.0264
210.7306	1276	0.1189	0.0264
210.8975	1277	0.1189	0.0264
211.0884	1278	0.1189	0.0264
211.2730	1279	0.1189	0.0264
211.3922	1280	0.1189	0.0264
211.5589	1281	0.1207	-0.0588
211.7243	1282	0.1207	-0.0588
211.8909	1283	0.1207	-0.0588
212.0579	1284	0.1207	-0.0588
212.2235	1285	0.1207	-0.0588
212.3866	1286	0.1207	-0.0588
212.5511	1287	0.1341	-0.0588
212.7163	1288	0.1341	-0.0588
212.8845	1289	0.1341	-0.0588
213.0532	1290	0.1341	-0.0588
213.2653	1291	0.1341	-0.0588
213.3798	1292	0.1341	-0.0588
213.5444	1293	0.1428	-0.0588
213.7135	1294	0.1428	-0.0588
213.8795	1295	0.1428	-0.0588
214.0422	1296	0.1428	-0.0588
214.2113	1297	0.1428	-0.0588
214.4091	1298	0.1428	-0.0588
214.5391	1299	0.1709	0.0521
214.7082	1300	0.1709	0.0521
214.8749	1301	0.1709	0.0521
215.0395	1302	0.1709	0.0521
215.2089	1303	0.1709	0.0521
215.3735	1304	0.1709	0.0521
215.5807	1305	0.1433	0.0521
215.7070	1306	0.1433	0.0521
215.9121	1307	0.1433	0.0521
216.0408	1308	0.1433	0.0521
216.2058	1309	0.1433	0.0521
216.3746	1310	0.1433	0.0521
216.5389	1311	0.1069	0.0521
216.7070	1312	0.1069	0.0521
216.8727	1313	0.1069	0.0521
217.0409	1314	0.1069	0.0521
217.2049	1315	0.1069	0.0521
217.3810	1316	0.1069	0.0521
217.5408	1317	0.1273	-0.0768
217.7074	1318	0.1273	-0.0768
217.8723	1319	0.1273	-0.0768
218.0495	1320	0.1273	-0.0768
218.2053	1321	0.1273	-0.0768
218.3732	1322	0.1273	-0.0768
218.5391	1323	0.1482	-0.0768
218.7047	1324	0.1482	-0.0768
218.8716	1325	0.1482	-0.0768
219.0396	1326	0.1482	-0.0768
219.2058	1327	0.1482	-0.0768
219.3937	1328	0.1482	-0.0768
219.5386	1329	0.1727	-0.0290
219.7097	1330	0.1727	-0.0290
219.8730	1331	0.1727	-0.0290
220.0436	1332	0.1727	-0.0290
220.2052	1333	0.1727	-0.0290
220.3714	1334	0.1727	-0.0290
220.5465	1335	0.1838	-0.0290
220.7055	1336	0.1838	-0.0290
220.8851	1337	0.1838	-0.0290
221.0389	1338	0.1838	-0.0290
221.2063	1339	0.1838	-0.0290
221.3876	1340	0.1838	-0.0290
221.5390	1341	0.2020	-0.0290
221.7089	1342	0.2020	-0.0290
221.8751	1343	0.2020	-0.0290
222.0445	1344	0.2020	-0.0290
222.2087	1345	0.2020	-0.0290
222.3730	1346	0.2020	-0.0290
222.5584	1347	0.1894	0.0450
222.7070	1348	0.1894	0.0450
222.8733	1349	0.1894	0.0450
223.0436	1350	0.1894	0.0450
223.2122	1351	0.1894	0.0450
223.3716	1352	0.1894	0.0450
223.5388	1353	0.1894	0.0450
223.7062	1354	0.1894	0.0450
223.8958	1355	0.1894	0.0450
224.0612	1356	0.1710	0.0450
224.2056	1357	0.1710	0.0450
224.3877	1358	0.1710	0.0450
224.5464	1359	0.1583	-0.0341
224.7061	1360	0.1583	-0.0341
224.8911	1361	0.1583	-0.0341
225.0407	1362	0.1583	-0.0341
225.2115	1363	0.1583	-0.0341
225.3715	1364	0.1583	-0.0341
225.5544	1365	0.1699	-0.0341
225.7066	1366	0.1699	-0.0341
225.8829	1367	0.1699	-0.0341
226.0636	1368	0.1699	-0.0341
226.1327	1369	0.1699	-0.0341
226.3098	1370	0.1699	-0.0341
226.4596	1371	0.1699	-0.0341
226.6330	1372	0.1880	-0.0341
226.7907	1373	0.1880	-0.0341
226.9644	1374	0.1880	-0.0341
227.1309	1375	0.1880	-0.0341
227.2882	1376	0.1880	-0.0341
227.4588	1377	0.1880	-0.0341
227.6298	1378	0.2401	-0.7031
227.8236	1379	0.2401	-0.7031
227.9484	1380	0.2401	-0.7031
228.1240	1381	0.2401	-0.7031
228.2825	1382	0.2401	-0.7031
228.4490	1383	0.2401	-0.7031
228.6133	1384	0.5842	-1.2640
228.8167	1385	0.5842	-1.2640
228.9423	1386	0.5842	-1.2640
229.1155	1387	0.5842	-1.2640
229.2752	1388	0.5842	-1.2640
229.4817	1389	0.5842	-1.2640
229.6059	1390	0.9874	-1.3913
229.7932	1391	0.9874	-1.3913
229.9762	1392	0.9874	-1.3913
230.1026	1393	0.9874	-1.3913
230.2684	1394	0.9874	-1.3913
230.4324	1395	0.9874	-1.3913
230.6032	1396	1.3164	-1.4277
230.7678	1397	1.3164	-1.4277
230.9303	1398	1.3164	-1.4277
231.0998	1399	1.3164	-1.4277
231.2618	1400	1.3164	-1.4277
231.4290	1401	1.3164	-1.4277
231.6344	1402	1.3341	-1.4219
231.7590	1403	1.3341	-1.4219
231.9267	1404	1.3341	-1.4219
232.0915	1405	1.3341	-1.4219
232.2566	1406	1.3341	-1.4219
232.4239	1407	1.3341	-1.4219
232.5889	1408	1.3332	-1.4230
232.7950	1409	1.3332	-1.4230
232.9170	1410	1.3332	-1.4230
233.0829	1411	1.3332	-1.4230
233.2537	1412	1.3332	-1.4230
233.4597	1413	1.3332	-1.4230
233.5783	1414	1.3303	-1.4230
233.7474	1415	1.3303	-1.4230
233.9131	1416	1.3303	-1.4230
234.0805	1417	1.3303	-1.4230
234.2421	1418	1.3303	-1.4230
234.4077	1419	1.3303	-1.4230
234.5750	1420	1.3301	-1.4219
234.7391	1421	1.3301	-1.4219
234.9047	1422	1.3301	-1.4219
235.0710	1423	1.3301	-1.4219
235.2777	1424	1.3301	-1.4219
235.4003	1425	1.3301	-1.4219
235.5695	1426	1.3301	-1.4219
235.7590	1427	1.3301	-1.4219
235.8976	1428	1.3301	-1.4219
