dt(cam)	frame	LO	AO
0.0000	0000	-0.0071	0.0000
0.0010	0001	-0.0029	0.0000
0.0037	0002	-0.0064	0.0000
0.0052	0003	-0.0064	0.0000
0.0088	0004	-0.0064	0.0000
0.0098	0005	-0.0064	0.0000
0.0117	0006	-0.0064	0.0000
0.0165	0007	-0.0064	0.0000
0.0349	0008	-0.0064	0.0000
0.0381	0009	-0.0064	0.0000
0.0396	0010	-0.0064	0.0000
0.0405	0011	-0.0064	0.0000
0.0829	0012	-0.0064	0.0000
0.0832	0013	-0.0064	0.0000
0.0836	0014	-0.0064	0.0000
0.0846	0015	-0.0064	0.0000
0.0848	0016	-0.0064	0.0000
0.0851	0017	-0.0064	0.0000
0.0852	0018	-0.0064	0.0000
0.0856	0019	-0.0064	0.0000
0.0863	0020	-0.0064	0.0000
0.0873	0021	-0.0064	0.0000
0.0953	0022	-0.0064	0.0000
0.0969	0023	-0.0064	0.8962
0.1097	0024	-0.0064	0.2524
0.1304	0025	-0.0064	-1.3389
0.1338	0026	-0.0064	0.8962
0.1360	0027	-0.0064	0.8962
0.1373	0028	-0.0064	0.8962
0.1379	0029	-0.0064	0.8962
0.1385	0030	-0.0064	0.8962
0.1390	0031	-0.0064	0.8962
0.1396	0032	-0.0064	0.8962
0.1401	0033	-0.0064	0.8962
0.1412	0034	-0.0064	0.8962
0.1473	0035	-0.0064	0.8962
0.1510	0036	-0.0064	0.8962
0.1580	0037	-0.0064	0.8962
0.1601	0038	-0.0064	0.8962
0.1610	0039	-0.0064	0.8962
0.1654	0040	-0.0064	0.8962
0.1759	0041	-0.0064	0.8962
0.1762	0042	-0.0064	0.8962
0.1778	0043	-0.0064	0.8962
0.1807	0044	-0.0064	0.8962
0.1829	0045	-0.0064	0.8962
0.1836	0046	-0.0064	0.8962
0.2448	0047	-0.0064	0.8962
0.4124	0048	-0.0076	-2.0152
0.5847	0049	-0.0076	-2.0152
0.7531	0050	-0.0076	-2.0152
0.9087	0051	-0.0076	-2.0152
1.0790	0052	-0.0076	-2.0152
1.2326	0053	-0.0073	-2.3598
1.4122	0054	-0.0073	-2.3598
1.5992	0055	-0.0073	-2.3598
1.7329	0056	-0.0073	-2.3598
1.9246	0057	-0.0073	-2.3598
2.1020	0058	-0.0111	-0.0254
2.2540	0059	-0.0111	-0.0254
2.4264	0060	-0.0111	-0.0254
2.5807	0061	-0.0111	-0.0254
2.7314	0062	-0.0111	-0.0254
2.8928	0063	-0.0111	-0.0254
3.0994	0064	-0.0044	0.0064
3.2238	0065	-0.0044	0.0064
3.4355	0066	-0.0044	0.0064
3.5559	0067	-0.0044	0.0064
3.7294	0068	-0.0044	0.0064
3.8908	0069	-0.0044	0.0064
4.0951	0070	-0.0089	-0.0052
4.2234	0071	-0.0089	-0.0052
4.4325	0072	-0.0089	-0.0052
4.5585	0073	-0.0089	-0.0027
4.7224	0074	-0.0089	-0.0027
4.8924	0075	-0.0089	-0.0027
5.0634	0076	0.0037	0.0134
5.2334	0077	0.0037	0.0134
5.4240	0078	0.0037	0.0131
5.5601	0079	0.0037	0.0131
5.7262	0080	0.0037	0.0131
5.9270	0081	0.0037	0.0131
6.0720	0082	-0.0233	0.0315
6.2518	0083	-0.0233	0.0407
6.3904	0084	-0.0233	0.0407
6.5565	0085	-0.0233	0.0407
6.7397	0086	-0.0233	0.0407
6.8911	0087	-0.0233	0.0407
7.0841	0088	-0.0233	0.0407
7.2243	0089	0.0218	0.0219
7.3903	0090	0.0218	0.0219
7.5587	0091	0.0218	0.0219
7.7232	0092	0.0218	0.0219
7.8883	0093	0.0218	0.0219
8.0581	0094	-0.0183	0.0253
8.2242	0095	-0.0183	0.0318
8.3893	0096	-0.0183	0.0318
8.5549	0097	-0.0183	0.0318
8.7217	0098	-0.0183	0.0318
8.9073	0099	-0.0183	0.0318
9.0577	0100	-0.0181	0.0300
9.2230	0101	-0.0181	0.0262
9.3900	0102	-0.0181	0.0262
9.5552	0103	-0.0181	0.0262
9.7246	0104	-0.0181	0.0262
9.8898	0105	-0.0181	0.0262
10.0612	0106	-0.0181	0.0262
10.2295	0107	-0.0133	0.0107
10.4058	0108	-0.0133	0.0107
10.5562	0109	-0.0133	0.0107
10.7258	0110	-0.0133	0.0107
10.9211	0111	-0.0133	0.0107
11.0733	0112	-0.0133	0.0107
11.2232	0113	-0.0008	0.0142
11.3937	0114	-0.0008	0.0203
11.5561	0115	-0.0008	0.0203
11.7264	0116	-0.0008	0.0203
11.8931	0117	-0.0008	0.0203
12.0768	0118	0.0089	0.0223
12.2524	0119	0.0089	0.0215
12.3890	0120	0.0089	0.0215
12.5561	0121	0.0089	0.0215
12.7354	0122	0.0089	0.0215
12.8892	0123	0.0089	0.0215
13.0630	0124	-0.0013	0.0107
13.2219	0125	-0.0013	0.0131
13.3881	0126	-0.0013	0.0131
13.5767	0127	-0.0013	0.0131
13.7207	0128	-0.0013	0.0131
13.8894	0129	-0.0013	0.0131
14.0572	0130	0.0039	0.0137
14.2421	0131	0.0039	0.0137
14.4016	0132	0.0039	0.0143
14.5715	0133	0.0039	0.0143
14.6609	0134	0.0039	0.0143
14.8601	0135	0.0039	0.0143
14.9839	0136	0.0039	0.0143
15.1416	0137	0.0217	0.0222
15.3219	0138	0.0217	0.0172
15.4716	0139	0.0217	0.0172
15.6385	0140	0.0217	0.0172
15.8045	0141	0.0217	0.0172
15.9677	0142	0.0217	0.0172
16.1353	0143	-0.0236	0.0196
16.2999	0144	-0.0236	0.0196
16.4639	0145	-0.0236	0.0196
16.6367	0146	-0.0236	0.0196
16.8339	0147	-0.0236	0.0196
16.9586	0148	-0.0236	0.0196
17.1247	0149	-0.0104	0.0361
17.2930	0150	-0.0104	0.0361
17.4745	0151	-0.0104	0.0361
17.6242	0152	-0.0104	0.0361
17.8267	0153	-0.0104	0.0361
17.9542	0154	-0.0104	0.0361
18.1171	0155	-0.0120	0.0302
18.2934	0156	-0.0120	0.0302
18.4617	0157	-0.0120	0.0302
18.6169	0158	-0.0120	0.0302
18.7850	0159	-0.0120	0.0302
18.9454	0160	-0.0120	0.0302
19.1103	0161	-0.0050	0.0283
19.2804	0162	-0.0050	0.0208
19.4712	0163	-0.0050	0.0208
19.6517	0164	-0.0050	0.0208
19.7723	0165	-0.0050	0.0208
19.9656	0166	-0.0050	0.0208
20.1067	0167	0.0005	0.0201
20.2742	0168	0.0005	0.0185
20.4589	0169	0.0005	0.0185
20.6477	0170	0.0005	0.0185
20.7678	0171	0.0005	0.0185
20.9509	0172	0.0005	0.0185
21.0983	0173	0.0030	0.0162
21.2702	0174	0.0030	0.0101
21.4322	0175	0.0030	0.0101
21.5937	0176	0.0030	0.0101
21.7617	0177	0.0030	0.0101
21.9298	0178	0.0030	0.0101
22.0905	0179	0.0107	0.0128
22.3024	0180	0.0107	0.0171
22.4223	0181	0.0107	0.0171
22.6428	0182	0.0107	0.0171
22.7526	0183	0.0107	0.0171
22.9204	0184	0.0107	0.0171
23.1328	0185	0.0107	0.0171
23.2526	0186	0.0107	0.0158
23.4291	0187	0.0234	0.0216
23.5831	0188	0.0234	0.0216
23.7480	0189	0.0234	0.0216
23.9113	0190	0.0234	0.0216
24.0784	0191	-0.0104	0.0434
24.2489	0192	-0.0104	0.0457
24.4514	0193	-0.0104	0.0457
24.5736	0194	-0.0104	0.0457
24.7840	0195	-0.0104	0.0457
24.9046	0196	-0.0104	0.0457
25.0739	0197	0.0210	0.0124
25.2412	0198	0.0210	0.0138
25.4198	0199	0.0210	0.0138
25.5666	0200	0.0210	0.0138
25.7321	0201	0.0210	0.0138
25.8982	0202	0.0210	0.0138
26.0666	0203	0.0184	0.0094
26.2667	0204	0.0184	0.0059
26.3955	0205	0.0184	0.0059
26.5598	0206	0.0184	0.0059
26.7261	0207	0.0184	0.0059
26.8965	0208	0.0184	0.0059
27.0725	0209	-0.0157	0.0205
27.2300	0210	-0.0157	0.0205
27.3988	0211	-0.0157	0.0205
27.5763	0212	-0.0157	0.0117
27.7300	0213	-0.0157	0.0117
27.8983	0214	-0.0157	0.0117
28.0714	0215	-0.0094	0.0131
28.2550	0216	-0.0094	0.0007
28.4445	0217	-0.0094	0.0007
28.5962	0218	-0.0094	0.0007
28.7342	0219	-0.0094	0.0007
28.9321	0220	-0.0094	0.0007
29.0719	0221	-0.0094	0.0007
29.2398	0222	0.0042	0.0198
29.4063	0223	0.0042	0.0198
29.5755	0224	0.0042	0.0198
29.7419	0225	0.0042	0.0198
29.9119	0226	0.0042	0.0198
30.0780	0227	0.0042	0.0198
30.2890	0228	0.0157	0.0259
30.4129	0229	0.0157	0.0259
30.5827	0230	0.0157	0.0259
30.7477	0231	0.0157	0.0259
30.9177	0232	0.0157	0.0259
31.0852	0233	0.0123	0.0188
31.2809	0234	0.0123	0.0209
31.4201	0235	0.0123	0.0209
31.5873	0236	0.0123	0.0209
31.7540	0237	0.0123	0.0209
31.9396	0238	0.0123	0.0209
32.0925	0239	0.0334	0.0293
32.2847	0240	0.0334	0.0320
32.4268	0241	0.0334	0.0320
32.5940	0242	0.0334	0.0320
32.7601	0243	0.0334	0.0320
32.9316	0244	0.0334	0.0320
33.0958	0245	0.0396	0.0137
33.2661	0246	0.0396	0.0137
33.4316	0247	0.0396	0.0113
33.5995	0248	0.0396	0.0113
33.7666	0249	0.0396	0.0113
33.9335	0250	0.0396	0.0113
34.1033	0251	0.0396	0.0113
34.2706	0252	0.0531	0.0170
34.4568	0253	0.0531	0.0171
34.6058	0254	0.0531	0.0171
34.7723	0255	0.0531	0.0171
34.9423	0256	0.0531	0.0171
35.1075	0257	0.0557	0.0152
35.2973	0258	0.0557	0.0257
35.4593	0259	0.0557	0.0257
35.6089	0260	0.0557	0.0257
35.7755	0261	0.0557	0.0257
35.9609	0262	0.0557	0.0257
36.1130	0263	0.0468	0.0157
36.2996	0264	0.0468	0.0079
36.4639	0265	0.0468	0.0079
36.6127	0266	0.0468	0.0079
36.7804	0267	0.0468	0.0079
36.9626	0268	0.0468	0.0079
37.1194	0269	0.0455	0.0055
37.2947	0270	0.0455	0.0045
37.4695	0271	0.0455	0.0045
37.6219	0272	0.0455	0.0045
37.8073	0273	0.0455	0.0045
37.9541	0274	0.0455	0.0045
38.1192	0275	0.0455	0.0045
38.2956	0276	0.0520	0.0075
38.4548	0277	0.0520	-0.0008
38.6403	0278	0.0520	-0.0008
38.7883	0279	0.0520	-0.0008
38.9561	0280	0.0520	-0.0008
39.1329	0281	0.0520	-0.0008
39.2911	0282	0.0520	-0.0038
39.4603	0283	0.0520	-0.0038
39.6474	0284	0.0594	0.0029
39.7934	0285	0.0594	0.0029
39.9865	0286	0.0594	0.0029
40.0549	0287	0.0594	0.0029
40.2464	0288	-0.0586	0.0065
40.4677	0289	-0.0586	0.0065
40.6287	0290	-0.0586	0.0065
40.7966	0291	-0.0586	0.0065
40.9750	0292	-0.0586	0.0065
41.1351	0293	0.0598	0.0077
41.3251	0294	0.0598	0.0106
41.4663	0295	0.0598	0.0106
41.6347	0296	0.0598	0.0106
41.7081	0297	0.0598	0.0106
41.8871	0298	0.0598	0.0106
42.0474	0299	0.0598	0.0106
42.2093	0300	-0.0526	0.0106
42.3783	0301	-0.0526	0.0096
42.5408	0302	-0.0526	0.0096
42.7052	0303	-0.0526	0.0096
42.8863	0304	-0.0526	0.0096
43.0387	0305	-0.0526	0.0096
43.2159	0306	-0.0543	0.0067
43.3696	0307	-0.0543	0.0067
43.5913	0308	-0.0543	0.0067
43.7027	0309	-0.0543	0.0041
43.8708	0310	-0.0543	0.0041
44.0737	0311	-0.0543	0.0041
44.2013	0312	-0.0563	0.0021
44.3989	0313	-0.0563	0.0018
44.5350	0314	-0.0563	0.0018
44.7120	0315	-0.0563	0.0018
44.8656	0316	-0.0563	0.0018
45.0339	0317	-0.0563	0.0018
45.1988	0318	-0.0565	0.0046
45.3670	0319	-0.0565	0.0046
45.5336	0320	-0.0565	0.0046
45.6951	0321	-0.0565	0.0046
45.9001	0322	-0.0565	0.0046
46.0308	0323	-0.0565	0.0046
46.2159	0324	-0.0566	0.0036
46.3687	0325	-0.0566	-0.0030
46.5722	0326	-0.0566	-0.0030
46.7353	0327	-0.0566	-0.0030
46.8563	0328	-0.0566	-0.0030
47.0621	0329	-0.0566	-0.0030
47.1888	0330	-0.0513	0.0008
47.4166	0331	-0.0513	0.0022
47.5222	0332	-0.0513	0.0022
47.6907	0333	-0.0513	0.0022
47.8529	0334	-0.0513	0.0022
48.0190	0335	-0.0513	0.0022
48.1863	0336	-0.0420	0.0075
48.3563	0337	-0.0420	0.0107
48.5272	0338	-0.0420	0.0107
48.7104	0339	-0.0420	0.0107
48.8477	0340	-0.0420	0.0107
49.0146	0341	-0.0420	0.0107
49.1924	0342	-0.0590	-0.0017
49.3514	0343	-0.0590	-0.0019
49.5652	0344	-0.0590	-0.0019
49.6781	0345	-0.0590	-0.0019
49.8837	0346	-0.0590	-0.0019
50.0099	0347	-0.0590	-0.0019
50.2242	0348	-0.0590	-0.0019
50.3431	0349	-0.0657	-0.0069
50.5449	0350	-0.0657	-0.0069
50.6737	0351	-0.0657	-0.0069
50.8827	0352	-0.0657	-0.0069
51.0105	0353	-0.0657	-0.0069
51.1777	0354	-0.0657	-0.0069
51.3454	0355	-0.0643	-0.0098
51.5407	0356	-0.0643	-0.0098
51.6691	0357	-0.0643	-0.0098
51.8390	0358	-0.0643	-0.0098
52.0072	0359	-0.0643	-0.0098
52.1869	0360	-0.0643	-0.0098
52.3884	0361	-0.0646	-0.0170
52.5001	0362	-0.0646	-0.0170
52.6666	0363	-0.0646	-0.0170
52.8322	0364	-0.0646	-0.0170
52.9970	0365	-0.0646	-0.0170
53.1702	0366	-0.0646	-0.0170
53.3448	0367	-0.0646	-0.0055
53.4979	0368	-0.0680	-0.0067
53.7010	0369	-0.0680	-0.0067
53.8301	0370	-0.0680	-0.0067
54.0291	0371	-0.0680	-0.0067
54.2014	0372	-0.0680	-0.0067
54.3580	0373	-0.0680	-0.0067
54.5132	0374	0.0628	-0.0091
54.6646	0375	0.0628	-0.0091
54.8356	0376	0.0628	-0.0091
55.0020	0377	0.0628	-0.0091
55.1661	0378	0.0596	-0.0093
55.3699	0379	0.0596	-0.0093
55.5251	0380	0.0596	-0.0119
55.6683	0381	0.0596	-0.0119
55.8356	0382	0.0547	-0.0125
56.0008	0383	0.0547	-0.0125
56.1681	0384	0.0547	-0.0125
56.3359	0385	0.0547	-0.0125
56.5043	0386	0.0547	-0.0148
56.6879	0387	0.0547	-0.0148
56.8390	0388	0.0547	-0.0148
57.0118	0389	0.0547	-0.0148
57.1705	0390	0.0516	-0.0136
57.3550	0391	0.0516	-0.0136
57.5227	0392	0.0516	-0.0136
57.6698	0393	0.0516	-0.0138
57.8404	0394	0.0516	-0.0138
58.0045	0395	0.0516	-0.0138
58.1715	0396	0.0603	-0.0058
58.3379	0397	0.0603	-0.0058
58.5066	0398	0.0603	-0.0058
58.6732	0399	0.0603	-0.0019
58.8378	0400	0.0603	-0.0019
59.0059	0401	0.0603	-0.0019
59.1816	0402	-0.0640	0.0060
59.3628	0403	-0.0640	0.0092
59.5063	0404	-0.0640	0.0092
59.6897	0405	-0.0640	0.0092
59.8432	0406	-0.0640	0.0092
60.0317	0407	-0.0640	0.0161
60.1766	0408	-0.0640	0.0161
60.3402	0409	0.0506	-0.0031
60.5241	0410	0.0506	-0.0031
60.6743	0411	0.0506	-0.0031
60.8589	0412	0.0506	-0.0031
61.0108	0413	0.0506	-0.0031
61.1815	0414	0.0506	-0.0031
61.3654	0415	0.0384	-0.0101
61.5084	0416	0.0384	-0.0101
61.6770	0417	0.0384	-0.0101
61.8450	0418	0.0384	-0.0101
62.0110	0419	0.0384	-0.0101
62.1785	0420	0.0420	-0.0058
62.3431	0421	0.0420	-0.0138
62.5316	0422	0.0420	-0.0138
62.6787	0423	0.0420	-0.0138
62.8447	0424	0.0420	-0.0138
63.0123	0425	0.0420	-0.0138
63.1777	0426	0.0420	-0.0138
63.3511	0427	0.0363	-0.0242
63.5140	0428	0.0363	-0.0242
63.6978	0429	0.0363	-0.0242
63.8546	0430	0.0363	-0.0242
64.0116	0431	0.0363	-0.0242
64.1818	0432	0.0363	-0.0242
64.3578	0433	0.0457	-0.0136
64.5120	0434	0.0457	-0.0037
64.6804	0435	0.0457	-0.0037
64.8529	0436	0.0457	-0.0037
65.0153	0437	0.0457	-0.0037
65.1990	0438	0.0232	-0.0168
65.2740	0439	0.0232	-0.0168
65.4358	0440	0.0232	-0.0118
65.6484	0441	0.0232	-0.0118
65.7675	0442	0.0232	-0.0118
65.9738	0443	0.0232	-0.0118
66.1313	0444	0.0232	-0.0118
66.2615	0445	0.0152	-0.0206
66.4296	0446	0.0152	-0.0206
66.5975	0447	0.0152	-0.0206
66.7719	0448	0.0152	-0.0206
66.9782	0449	0.0152	-0.0206
67.0905	0450	0.0152	-0.0206
67.2902	0451	0.0088	-0.0203
67.4237	0452	0.0088	-0.0210
67.5983	0453	0.0088	-0.0210
67.7546	0454	0.0088	-0.0210
67.9213	0455	0.0088	-0.0210
68.0873	0456	0.0088	-0.0210
68.2528	0457	0.0089	-0.0166
68.4195	0458	0.0089	-0.0277
68.5855	0459	0.0089	-0.0277
68.7643	0460	0.0089	-0.0277
68.9523	0461	0.0089	-0.0277
69.0807	0462	0.0089	-0.0277
69.2469	0463	0.0117	-0.0085
69.4378	0464	0.0117	-0.0085
69.5773	0465	0.0117	-0.0085
69.7540	0466	0.0117	-0.0085
69.9143	0467	0.0117	-0.0085
70.0754	0468	0.0117	-0.0085
70.2419	0469	0.0048	-0.0109
70.4083	0470	0.0048	-0.0077
70.5714	0471	0.0048	-0.0077
70.7701	0472	0.0048	-0.0077
70.9067	0473	0.0048	-0.0077
71.0697	0474	0.0048	-0.0077
71.2370	0475	0.0124	-0.0017
71.4062	0476	0.0124	0.0027
71.6053	0477	0.0124	0.0027
71.7328	0478	0.0124	0.0027
71.8992	0479	0.0124	0.0027
72.0683	0480	0.0131	0.0026
72.2397	0481	0.0131	0.0026
72.4327	0482	0.0131	0.0032
72.6114	0483	0.0131	0.0032
72.7641	0484	0.0131	0.0032
72.8913	0485	0.0131	0.0032
73.0622	0486	0.0131	0.0032
73.2732	0487	0.0187	0.0059
73.3896	0488	0.0187	0.0053
73.5978	0489	0.0187	0.0053
73.7231	0490	0.0187	0.0053
73.8859	0491	0.0187	0.0053
74.0555	0492	0.0187	0.0053
74.2204	0493	0.0187	0.0053
74.4086	0494	0.0187	0.0141
74.5962	0495	-0.0068	-0.0091
74.7492	0496	-0.0068	-0.0091
74.8812	0497	-0.0068	-0.0091
75.0500	0498	-0.0068	-0.0091
75.2213	0499	-0.0068	-0.0091
75.3835	0500	-0.0068	-0.0203
75.5773	0501	-0.0130	-0.0199
75.7502	0502	-0.0130	-0.0199
75.9161	0503	-0.0130	-0.0199
76.0422	0504	-0.0130	-0.0199
76.2169	0505	-0.0130	-0.0275
76.3774	0506	-0.0130	-0.0275
76.5921	0507	0.0127	-0.0182
76.7234	0508	0.0127	-0.0182
76.9017	0509	0.0127	-0.0182
77.0345	0510	0.0127	-0.0182
77.2148	0511	0.0127	-0.0182
77.4099	0512	0.0127	-0.0314
77.5320	0513	0.0134	-0.0228
77.6984	0514	0.0134	-0.0228
77.8964	0515	0.0134	-0.0228
78.0323	0516	0.0134	-0.0228
78.2020	0517	0.0092	-0.0206
78.3646	0518	0.0092	-0.0206
78.5312	0519	0.0092	-0.0206
78.7266	0520	0.0092	-0.0067
78.8604	0521	0.0092	-0.0067
79.0271	0522	0.0092	-0.0067
79.1991	0523	-0.0090	-0.0013
79.3712	0524	-0.0090	-0.0013
79.5727	0525	-0.0090	-0.0013
79.6938	0526	-0.0090	0.0030
79.8859	0527	-0.0090	0.0030
80.0286	0528	-0.0090	0.0030
80.1968	0529	-0.0097	0.0020
80.3637	0530	-0.0097	0.0020
80.5587	0531	-0.0097	0.0020
80.6967	0532	-0.0097	0.0035
80.8621	0533	-0.0097	0.0035
81.0332	0534	-0.0097	0.0035
81.2288	0535	-0.0087	0.0035
81.3612	0536	-0.0087	0.0035
81.5554	0537	-0.0087	0.0035
81.6945	0538	-0.0087	0.0046
81.8637	0539	-0.0087	0.0046
82.0435	0540	-0.0087	0.0046
82.1988	0541	-0.0087	0.0046
82.3631	0542	0.0067	-0.0019
82.5509	0543	0.0067	-0.0019
82.6958	0544	0.0067	-0.0019
82.8630	0545	0.0067	-0.0019
83.0561	0546	0.0067	-0.0019
83.1981	0547	0.0067	-0.0019
83.3674	0548	0.0062	-0.0119
83.5331	0549	0.0062	-0.0119
83.6978	0550	0.0062	-0.0119
83.8667	0551	0.0062	-0.0119
84.0302	0552	0.0062	-0.0119
84.2040	0553	0.0062	-0.0119
84.3701	0554	0.0049	-0.0131
84.5497	0555	0.0049	-0.0131
84.6973	0556	0.0049	-0.0131
84.8773	0557	0.0049	-0.0131
85.0311	0558	0.0049	-0.0131
85.1999	0559	0.0078	-0.0086
85.3670	0560	0.0078	-0.0125
85.5332	0561	0.0078	-0.0125
85.6979	0562	0.0078	-0.0125
85.8659	0563	0.0078	-0.0125
86.0316	0564	0.0078	-0.0125
86.2040	0565	-0.0037	-0.0169
86.3663	0566	-0.0037	-0.0169
86.5318	0567	-0.0037	-0.0078
86.6982	0568	-0.0037	-0.0078
86.8664	0569	-0.0037	-0.0078
87.0325	0570	-0.0037	-0.0078
87.2041	0571	0.0048	-0.0131
87.3676	0572	0.0048	-0.0131
87.5530	0573	0.0048	-0.0151
87.7026	0574	0.0048	-0.0151
87.8696	0575	0.0048	-0.0151
88.0346	0576	0.0048	-0.0151
88.2255	0577	0.0048	-0.0151
88.3677	0578	0.0020	-0.0137
88.5333	0579	0.0020	-0.0153
88.7020	0580	0.0020	-0.0153
88.8691	0581	0.0020	-0.0153
89.0446	0582	0.0020	-0.0153
89.2266	0583	0.0020	-0.0153
89.3672	0584	0.0033	-0.0156
89.5341	0585	0.0033	-0.0156
89.7028	0586	0.0033	-0.0156
89.8691	0587	0.0033	-0.0156
90.0353	0588	0.0033	-0.0156
90.2036	0589	0.0009	-0.0139
90.3686	0590	0.0009	-0.0080
90.4600	0591	0.0009	-0.0080
90.6242	0592	0.0009	-0.0080
90.7927	0593	0.0009	-0.0080
90.9669	0594	0.0009	-0.0080
91.1607	0595	0.0009	-0.0080
91.2846	0596	0.0027	-0.0015
91.4498	0597	0.0027	-0.0015
91.6468	0598	0.0027	-0.0015
91.8289	0599	0.0027	-0.0015
91.9453	0600	0.0027	-0.0015
92.1110	0601	0.0027	-0.0015
92.2759	0602	0.0000	-0.0029
92.4436	0603	0.0000	-0.0015
92.6082	0604	0.0000	-0.0015
92.7802	0605	0.0000	-0.0015
92.9387	0606	0.0000	-0.0015
93.1109	0607	0.0000	-0.0015
93.3041	0608	-0.0044	-0.0039
93.4349	0609	-0.0044	-0.0059
93.6059	0610	-0.0044	-0.0059
93.8163	0611	-0.0044	-0.0059
93.9318	0612	-0.0044	-0.0059
94.0953	0613	-0.0044	-0.0059
94.2612	0614	-0.0028	0.0054
94.4282	0615	-0.0028	0.0054
94.5937	0616	-0.0028	0.0054
94.7695	0617	-0.0028	0.0054
94.9235	0618	-0.0028	0.0054
95.1203	0619	-0.0028	0.0054
95.2539	0620	0.0104	0.0122
95.4229	0621	0.0104	0.0130
95.6283	0622	0.0104	0.0130
95.7959	0623	0.0104	0.0130
95.9188	0624	0.0104	0.0130
96.0854	0625	0.0104	0.0130
96.2481	0626	0.0194	0.0159
96.4157	0627	0.0194	0.0209
96.5839	0628	0.0194	0.0209
96.7928	0629	0.0194	0.0209
96.9477	0630	0.0194	0.0209
97.0749	0631	0.0194	0.0209
97.2484	0632	0.0159	0.0148
97.4132	0633	0.0159	0.0211
97.5709	0634	0.0159	0.0211
97.7723	0635	0.0159	0.0211
97.9012	0636	0.0159	0.0211
98.0672	0637	0.0159	0.0211
98.2369	0638	0.0187	0.0185
98.4431	0639	0.0187	0.0163
98.5640	0640	0.0187	0.0163
98.7300	0641	0.0187	0.0163
98.8937	0642	0.0187	0.0163
99.0606	0643	0.0187	0.0163
99.2317	0644	0.0191	0.0132
99.4358	0645	0.0191	0.0066
99.5554	0646	0.0191	0.0066
99.7263	0647	0.0191	0.0066
99.8905	0648	0.0191	0.0066
100.0523	0649	0.0191	0.0066
100.2193	0650	0.0181	-0.0054
100.3844	0651	0.0181	-0.0109
100.5565	0652	0.0181	-0.0109
100.7161	0653	0.0181	-0.0109
100.8819	0654	0.0181	-0.0109
101.0470	0655	0.0181	-0.0109
101.2385	0656	0.0204	-0.0073
101.4313	0657	0.0204	-0.0038
101.5457	0658	0.0204	-0.0038
101.7105	0659	0.0204	-0.0038
101.8742	0660	0.0204	-0.0038
102.0673	0661	0.0204	-0.0038
102.2101	0662	-0.0202	0.0084
102.3969	0663	-0.0202	0.0092
102.5856	0664	-0.0202	0.0092
102.7483	0665	-0.0202	0.0092
102.8665	0666	-0.0202	0.0092
103.0720	0667	-0.0202	0.0092
103.1988	0668	-0.0029	0.0178
103.4064	0669	-0.0029	0.0227
103.5279	0670	-0.0029	0.0227
103.6960	0671	-0.0029	0.0227
103.8624	0672	-0.0029	0.0227
104.0390	0673	-0.0029	0.0227
104.2015	0674	-0.0029	0.0227
104.3587	0675	-0.0029	0.0313
104.5271	0676	-0.0192	0.0116
104.7008	0677	-0.0192	0.0116
104.8593	0678	-0.0192	0.0116
105.0294	0679	-0.0192	0.0116
105.1923	0680	-0.0192	0.0116
105.3601	0681	0.0178	-0.0020
105.5555	0682	0.0178	-0.0020
105.6915	0683	0.0178	-0.0020
105.8581	0684	0.0178	-0.0020
106.0497	0685	0.0178	-0.0020
106.1943	0686	0.0184	-0.0013
106.3951	0687	0.0184	-0.0066
106.5278	0688	0.0184	-0.0066
106.6933	0689	0.0184	-0.0066
106.8576	0690	0.0184	-0.0066
107.0256	0691	0.0184	-0.0066
107.1920	0692	-0.0108	0.0059
107.3597	0693	-0.0108	-0.0062
107.5273	0694	-0.0108	-0.0062
107.6942	0695	-0.0108	-0.0062
107.8588	0696	-0.0108	-0.0062
108.0241	0697	-0.0108	-0.0062
108.1953	0698	-0.0024	0.0003
108.3584	0699	-0.0024	0.0003
108.5241	0700	-0.0024	0.0003
108.6906	0701	-0.0024	0.0127
108.8573	0702	-0.0024	0.0127
109.0255	0703	-0.0024	0.0127
109.1931	0704	0.0098	0.0175
109.3570	0705	0.0098	0.0175
109.5241	0706	0.0098	0.0241
109.6947	0707	0.0098	0.0241
109.8580	0708	0.0098	0.0241
110.0246	0709	0.0098	0.0241
110.1973	0710	0.0012	0.0142
110.3585	0711	0.0012	0.0155
110.5422	0712	0.0012	0.0155
110.6959	0713	0.0012	0.0155
110.8597	0714	0.0012	0.0155
111.0259	0715	0.0012	0.0155
111.1931	0716	0.0044	0.0143
111.3845	0717	0.0044	0.0115
111.5423	0718	0.0044	0.0115
111.6920	0719	0.0044	0.0115
111.8601	0720	0.0044	0.0115
112.0244	0721	0.0044	0.0115
112.1902	0722	0.0050	0.0096
112.3583	0723	0.0050	0.0057
112.5436	0724	0.0050	0.0057
112.6907	0725	0.0050	0.0057
112.8562	0726	0.0050	0.0057
113.0271	0727	0.0050	0.0057
113.2138	0728	0.0001	0.0015
113.3573	0729	0.0001	-0.0075
113.5475	0730	0.0001	-0.0075
113.6932	0731	0.0001	-0.0075
113.8640	0732	0.0001	-0.0075
114.0228	0733	0.0001	-0.0075
114.1909	0734	0.0038	-0.0037
114.3629	0735	0.0038	0.0020
114.5388	0736	0.0038	0.0020
114.6905	0737	0.0038	0.0020
114.8594	0738	0.0038	0.0020
115.0289	0739	0.0038	0.0020
115.1905	0740	0.0038	0.0020
115.3799	0741	0.0032	-0.0009
115.5227	0742	0.0032	-0.0009
115.7105	0743	0.0032	-0.0009
115.7957	0744	0.0032	-0.0009
115.9918	0745	0.0032	-0.0009
116.1091	0746	0.0032	-0.0009
116.2748	0747	0.0032	-0.0018
116.4719	0748	-0.0057	-0.0081
116.6097	0749	-0.0057	-0.0081
116.8268	0750	-0.0057	-0.0081
116.9805	0751	-0.0057	-0.0081
117.1007	0752	-0.0057	-0.0081
117.2664	0753	-0.0047	-0.0037
117.4704	0754	-0.0047	-0.0037
117.6322	0755	-0.0047	-0.0037
117.7848	0756	-0.0047	-0.0037
117.9370	0757	-0.0047	-0.0037
118.0967	0758	-0.0047	-0.0037
118.2595	0759	-0.0025	-0.0049
118.4262	0760	-0.0025	-0.0049
118.6082	0761	-0.0025	-0.0049
118.7582	0762	-0.0025	-0.0049
118.9263	0763	-0.0025	-0.0049
119.0875	0764	-0.0025	-0.0049
119.2569	0765	-0.0049	-0.0163
119.4231	0766	-0.0049	-0.0180
119.5891	0767	-0.0049	-0.0180
119.7695	0768	-0.0049	-0.0180
119.9603	0769	-0.0049	-0.0180
120.0828	0770	-0.0049	-0.0180
120.2473	0771	-0.0049	-0.0180
120.4339	0772	-0.0049	-0.0180
120.6210	0773	-0.0049	-0.0124
120.7889	0774	-0.0168	-0.0185
120.9094	0775	-0.0168	-0.0185
121.0766	0776	-0.0168	-0.0185
121.2403	0777	-0.0085	-0.0096
121.4454	0778	-0.0085	-0.0109
121.6241	0779	-0.0085	-0.0109
121.7368	0780	-0.0085	-0.0109
121.9036	0781	-0.0085	-0.0109
122.0689	0782	-0.0085	-0.0109
122.2696	0783	-0.0097	-0.0031
122.4515	0784	-0.0097	-0.0055
122.5643	0785	-0.0097	-0.0055
122.7334	0786	-0.0097	-0.0055
122.8970	0787	-0.0097	-0.0055
123.0620	0788	-0.0097	-0.0055
123.2322	0789	-0.0181	-0.0096
123.3978	0790	-0.0181	-0.0058
123.5581	0791	-0.0181	-0.0058
123.7449	0792	-0.0181	-0.0058
123.8916	0793	-0.0181	-0.0058
124.0544	0794	-0.0181	-0.0058
124.2248	0795	-0.0192	-0.0053
124.3964	0796	-0.0192	-0.0053
124.5511	0797	-0.0192	-0.0053
124.7180	0798	-0.0192	-0.0053
124.9239	0799	-0.0192	0.0005
125.0495	0800	-0.0192	0.0005
125.2178	0801	-0.0153	0.0028
125.4273	0802	-0.0153	-0.0046
125.5442	0803	-0.0153	-0.0046
125.7557	0804	-0.0153	-0.0046
125.8748	0805	-0.0153	-0.0046
126.0462	0806	-0.0153	-0.0046
126.2406	0807	0.0248	-0.0116
126.3742	0808	0.0248	-0.0140
126.5408	0809	0.0248	-0.0140
126.7424	0810	0.0248	-0.0140
126.8692	0811	0.0248	-0.0140
127.0353	0812	0.0248	-0.0140
127.2044	0813	0.0238	-0.0118
127.4050	0814	0.0238	-0.0085
127.5323	0815	0.0238	-0.0085
127.6993	0816	0.0238	-0.0085
127.8627	0817	0.0238	-0.0085
128.0372	0818	0.0238	-0.0085
128.1959	0819	0.0258	-0.0056
128.4127	0820	0.0258	-0.0061
128.5255	0821	0.0258	-0.0061
128.7115	0822	0.0258	-0.0061
128.8576	0823	0.0258	-0.0061
129.0253	0824	0.0258	-0.0061
129.2332	0825	0.0230	-0.0066
129.3863	0826	0.0230	-0.0113
129.5227	0827	0.0230	-0.0113
129.7326	0828	0.0230	-0.0113
129.8560	0829	0.0230	-0.0113
130.0226	0830	0.0230	-0.0113
130.2194	0831	0.0232	-0.0206
130.3558	0832	0.0232	-0.0124
130.5530	0833	0.0232	-0.0124
130.6994	0834	0.0232	-0.0124
130.8544	0835	0.0232	-0.0124
131.0260	0836	0.0232	-0.0124
131.1910	0837	0.0232	-0.0124
131.3548	0838	-0.0208	0.0065
131.5448	0839	-0.0208	0.0065
131.6883	0840	-0.0208	0.0065
131.8597	0841	-0.0208	0.0065
132.0215	0842	-0.0208	0.0065
132.1917	0843	-0.0208	0.0065
132.3701	0844	-0.0124	0.0112
132.5215	0845	-0.0124	0.0112
132.6920	0846	-0.0124	0.0112
132.8548	0847	-0.0124	0.0112
133.0232	0848	-0.0124	0.0112
133.1919	0849	-0.0057	0.0130
133.3583	0850	-0.0057	0.0183
133.5235	0851	-0.0057	0.0183
133.6881	0852	-0.0057	0.0183
133.8550	0853	-0.0057	0.0183
134.0221	0854	-0.0057	0.0183
134.1913	0855	0.0071	0.0223
134.3765	0856	0.0071	0.0249
134.5224	0857	0.0071	0.0249
134.6886	0858	0.0071	0.0249
134.8658	0859	0.0071	0.0249
135.0360	0860	0.0071	0.0249
135.1883	0861	0.0020	0.0170
135.3820	0862	0.0020	0.0170
135.5213	0863	0.0020	0.0171
135.6906	0864	0.0020	0.0171
135.8555	0865	0.0020	0.0171
136.0242	0866	0.0020	0.0171
136.2079	0867	0.0028	0.0142
136.3833	0868	0.0028	0.0142
136.5214	0869	0.0028	0.0115
136.6901	0870	0.0028	0.0115
136.8568	0871	0.0014	0.0083
137.0226	0872	0.0014	0.0083
137.1886	0873	0.0014	0.0083
137.3757	0874	0.0014	0.0054
137.5225	0875	0.0014	0.0054
137.7079	0876	0.0014	0.0054
137.8557	0877	0.0014	0.0054
138.0223	0878	0.0014	0.0054
138.1886	0879	0.0014	0.0054
138.3651	0880	0.0138	0.0054
138.5215	0881	0.0138	0.0054
138.6906	0882	0.0138	0.0054
138.8556	0883	0.0138	0.0054
139.0232	0884	0.0138	0.0054
139.1887	0885	0.0138	0.0054
139.3611	0886	0.0162	0.0124
139.5272	0887	0.0162	0.0124
139.7029	0888	0.0162	0.0124
139.8550	0889	0.0162	0.0124
140.0250	0890	0.0162	0.0124
140.1994	0891	0.0217	0.0138
140.3873	0892	0.0217	0.0171
140.5238	0893	0.0217	0.0171
140.6896	0894	0.0217	0.0171
140.8710	0895	0.0217	0.0171
140.9441	0896	0.0217	0.0263
141.1142	0897	0.0217	0.0263
141.2748	0898	-0.0121	0.0247
141.4421	0899	-0.0121	0.0247
141.6091	0900	-0.0121	0.0247
141.7988	0901	-0.0121	0.0247
141.9724	0902	-0.0121	0.0247
142.1039	0903	-0.0121	0.0247
142.2697	0904	-0.0020	0.0280
142.4348	0905	-0.0020	0.0247
142.6004	0906	-0.0020	0.0247
142.7701	0907	-0.0020	0.0247
142.9653	0908	-0.0020	0.0247
143.1347	0909	-0.0020	0.0247
143.2611	0910	0.0044	0.0353
143.4459	0911	0.0044	0.0405
143.5934	0912	0.0044	0.0405
143.8050	0913	0.0044	0.0405
143.9242	0914	0.0044	0.0405
144.0918	0915	0.0044	0.0405
144.2559	0916	0.0011	0.0239
144.4222	0917	0.0011	0.0239
144.5913	0918	0.0011	0.0239
144.7611	0919	0.0011	0.0239
144.9299	0920	0.0011	0.0239
145.0910	0921	0.0011	0.0239
145.2503	0922	-0.0023	0.0245
145.4145	0923	-0.0023	0.0169
145.5859	0924	-0.0023	0.0169
145.7787	0925	-0.0023	0.0169
145.9123	0926	-0.0023	0.0169
146.0784	0927	-0.0023	0.0169
146.2449	0928	-0.0080	0.0086
146.4505	0929	-0.0080	-0.0018
146.5761	0930	-0.0080	-0.0018
146.7859	0931	-0.0080	-0.0018
146.9070	0932	-0.0080	-0.0018
147.0713	0933	-0.0080	-0.0018
147.2383	0934	-0.0069	-0.0006
147.4092	0935	-0.0069	-0.0115
147.5696	0936	-0.0069	-0.0115
147.7400	0937	-0.0069	-0.0115
147.9251	0938	-0.0069	-0.0115
148.1065	0939	-0.0069	-0.0115
148.2298	0940	-0.0028	-0.0057
148.4357	0941	-0.0028	-0.0048
148.5656	0942	-0.0028	-0.0048
148.7811	0943	-0.0028	-0.0048
148.8932	0944	-0.0028	-0.0048
149.0574	0945	-0.0028	-0.0048
149.2239	0946	-0.0014	-0.0027
149.4020	0947	-0.0014	0.0007
149.6080	0948	-0.0014	0.0007
149.7563	0949	-0.0014	0.0007
149.8863	0950	-0.0014	0.0007
150.0612	0951	-0.0014	0.0007
150.2205	0952	0.0089	0.0081
150.3861	0953	0.0089	0.0151
150.5969	0954	0.0089	0.0151
150.7143	0955	0.0089	0.0151
150.8792	0956	0.0089	0.0151
151.0469	0957	0.0089	0.0151
151.2134	0958	0.0086	0.0127
151.3760	0959	0.0086	0.0148
151.5424	0960	0.0086	0.0148
151.7114	0961	0.0086	0.0148
151.8752	0962	0.0086	0.0148
152.0439	0963	0.0086	0.0148
152.2281	0964	-0.0062	0.0092
152.4182	0965	-0.0062	0.0111
152.5429	0966	-0.0062	0.0111
152.7031	0967	-0.0062	0.0111
152.8693	0968	-0.0062	0.0111
153.0380	0969	-0.0086	0.0081
153.2207	0970	-0.0086	0.0081
153.3649	0971	-0.0086	0.0167
153.5713	0972	-0.0086	0.0167
153.6978	0973	-0.0086	0.0167
153.8629	0974	-0.0086	0.0167
154.0268	0975	-0.0086	0.0167
154.1966	0976	-0.0067	0.0204
154.3834	0977	-0.0067	0.0116
154.5803	0978	-0.0067	0.0116
154.6918	0979	-0.0067	0.0116
154.8600	0980	-0.0067	0.0116
155.0260	0981	-0.0067	0.0116
155.1975	0982	-0.0083	0.0039
155.3888	0983	-0.0083	0.1817
155.5264	0984	-0.0083	0.1817
155.6944	0985	-0.0083	0.1817
155.8618	0986	-0.0083	0.1817
156.0271	0987	-0.0083	0.1817
156.1922	0988	-0.0079	0.2001
156.3892	0989	-0.0079	-2.3483
156.5253	0990	-0.0079	-2.3483
156.6952	0991	-0.0079	-2.3483
156.8585	0992	-0.0079	-2.3483
157.0248	0993	-0.0079	-2.3483
157.2116	0994	-0.0077	2.9471
157.3593	0995	-0.0077	2.9471
157.5373	0996	-0.0077	2.9471
157.6916	0997	-0.0077	2.9471
157.8597	0998	-0.0077	2.9471
158.0345	0999	-0.0077	2.9471
158.1964	1000	0.0097	-0.0196
158.3586	1001	0.0097	-0.0391
158.5252	1002	0.0097	-0.0391
158.6941	1003	0.0097	-0.0391
158.8605	1004	0.0097	-0.0391
159.0333	1005	0.0097	-0.0391
159.1947	1006	-0.0057	0.0032
159.3888	1007	-0.0057	0.0080
159.5407	1008	-0.0057	0.0080
159.6931	1009	-0.0057	0.0080
159.8592	1010	-0.0057	0.0080
160.0277	1011	-0.0057	0.0080
160.1944	1012	0.0100	-0.0035
160.3597	1013	0.0100	-0.0044
160.5331	1014	0.0100	-0.0044
160.6920	1015	0.0100	-0.0044
160.8725	1016	0.0100	-0.0044
161.0443	1017	0.0100	-0.0044
161.1923	1018	-0.0096	-0.0022
161.3620	1019	-0.0096	-0.0025
161.5295	1020	-0.0096	-0.0025
161.6932	1021	-0.0096	-0.0025
161.8592	1022	-0.0096	-0.0025
162.0266	1023	-0.0096	-0.0025
162.2029	1024	-0.0005	0.0068
162.3774	1025	-0.0005	0.0117
162.5266	1026	-0.0005	0.0117
162.6931	1027	-0.0005	0.0117
162.8597	1028	-0.0005	0.0117
163.0278	1029	-0.0005	0.0117
163.1964	1030	-0.0010	0.0085
163.3603	1031	-0.0010	0.0046
163.5280	1032	-0.0010	0.0046
163.6931	1033	-0.0010	0.0046
163.8600	1034	-0.0010	0.0046
164.0292	1035	-0.0010	0.0046
164.2109	1036	-0.0098	-0.0032
164.3934	1037	-0.0098	0.0055
164.5500	1038	-0.0098	0.0055
164.6935	1039	-0.0098	0.0055
164.8785	1040	-0.0098	0.0055
165.0271	1041	-0.0098	0.0055
165.2172	1042	-0.0064	0.0066
165.3752	1043	-0.0064	0.0027
165.5286	1044	-0.0064	0.0027
165.6940	1045	-0.0064	0.0027
165.8600	1046	-0.0064	0.0027
166.0270	1047	-0.0064	0.0027
166.1976	1048	0.0028	-0.0103
166.2825	1049	0.0028	-0.0184
166.4475	1050	0.0028	-0.0184
166.6157	1051	0.0028	-0.0184
166.7827	1052	0.0028	-0.0184
166.9952	1053	0.0028	-0.0184
167.1090	1054	0.0028	-0.0184
167.2764	1055	0.0023	-0.0166
167.4408	1056	0.0023	-0.0166
167.6316	1057	0.0023	-0.0166
167.8210	1058	0.0023	-0.0166
167.9400	1059	0.0023	-0.0166
168.1041	1060	0.0023	-0.0166
168.2682	1061	-0.0014	-0.0108
168.4365	1062	-0.0014	-0.0108
168.6027	1063	-0.0014	-0.0108
168.7681	1064	-0.0014	-0.0108
168.9330	1065	-0.0014	-0.0108
169.1002	1066	-0.0014	-0.0108
169.2712	1067	-0.0148	-0.0220
169.4342	1068	-0.0148	-0.0220
169.5948	1069	-0.0148	-0.0220
169.7627	1070	-0.0148	-0.0220
169.9283	1071	-0.0148	-0.0220
170.1363	1072	-0.0148	-0.0220
170.2567	1073	-0.0195	-0.0170
170.4512	1074	-0.0195	-0.0170
170.5883	1075	-0.0195	-0.0170
170.7878	1076	-0.0195	-0.0170
170.9198	1077	-0.0195	-0.0170
171.0845	1078	-0.0195	-0.0170
171.2527	1079	-0.0181	-0.0127
171.4163	1080	-0.0181	-0.0154
171.5842	1081	-0.0181	-0.0154
171.7471	1082	-0.0181	-0.0154
171.9127	1083	-0.0181	-0.0154
172.0777	1084	-0.0181	-0.0154
172.2444	1085	-0.0272	-0.0179
172.4504	1086	-0.0272	-0.0196
172.5751	1087	-0.0272	-0.0196
172.7882	1088	-0.0272	-0.0196
172.9090	1089	-0.0272	-0.0196
173.0715	1090	-0.0272	-0.0196
173.2693	1091	0.0285	-0.0044
173.4062	1092	0.0285	0.0005
173.5883	1093	0.0285	0.0005
173.7353	1094	0.0285	0.0005
173.9008	1095	0.0285	0.0005
174.0666	1096	0.0285	0.0005
174.2334	1097	0.0159	-0.0074
174.3973	1098	0.0159	-0.0099
174.5636	1099	0.0159	-0.0099
174.7799	1100	0.0159	-0.0099
174.8957	1101	0.0159	-0.0099
175.0604	1102	0.0159	-0.0099
175.2264	1103	0.0143	-0.0089
175.3908	1104	0.0143	-0.0167
175.5609	1105	0.0143	-0.0167
175.7610	1106	0.0143	-0.0167
175.8882	1107	0.0143	-0.0167
176.0559	1108	0.0143	-0.0167
176.2196	1109	0.0036	-0.0353
176.4336	1110	0.0036	-0.0366
176.5497	1111	0.0036	-0.0366
176.7155	1112	0.0036	-0.0366
176.9232	1113	0.0036	-0.0366
177.0489	1114	0.0036	-0.0366
177.2573	1115	-0.0015	-0.0323
177.3784	1116	-0.0015	-0.0327
177.5983	1117	-0.0015	-0.0327
177.7094	1118	-0.0015	-0.0327
177.8747	1119	-0.0015	-0.0327
178.0413	1120	-0.0015	-0.0327
178.2339	1121	-0.0034	-0.0272
178.4219	1122	-0.0034	-0.0198
178.5379	1123	-0.0034	-0.0198
178.7073	1124	-0.0034	-0.0198
178.8694	1125	-0.0034	-0.0198
179.0344	1126	-0.0034	-0.0198
179.2034	1127	-0.0081	-0.0187
179.4209	1128	-0.0081	-0.0175
179.5317	1129	-0.0081	-0.0175
179.7014	1130	-0.0081	-0.0175
179.8662	1131	-0.0081	-0.0175
180.0319	1132	-0.0081	-0.0175
180.1975	1133	0.0102	-0.0025
180.3644	1134	0.0102	0.0009
180.5640	1135	0.0102	0.0009
180.6986	1136	0.0102	0.0009
180.8644	1137	0.0102	0.0009
181.0324	1138	0.0102	0.0009
181.2005	1139	0.0000	-0.0056
181.3673	1140	0.0000	-0.0079
181.5522	1141	0.0000	-0.0079
181.6981	1142	0.0000	-0.0079
181.8661	1143	0.0000	-0.0079
182.0326	1144	0.0000	-0.0079
182.2328	1145	-0.0054	-0.0096
182.3739	1146	-0.0054	-0.0156
182.5337	1147	-0.0054	-0.0156
182.6985	1148	-0.0054	-0.0156
182.8663	1149	-0.0054	-0.0156
183.0362	1150	-0.0054	-0.0156
183.2103	1151	-0.0054	-0.0156
183.4013	1152	-0.0054	-0.0225
183.5329	1153	0.0074	-0.0279
183.6997	1154	0.0074	-0.0279
183.8673	1155	0.0074	-0.0279
184.0325	1156	0.0074	-0.0279
184.1988	1157	0.0059	-0.0231
184.3660	1158	0.0059	-0.0234
184.5531	1159	0.0059	-0.0234
184.7006	1160	0.0059	-0.0234
184.8658	1161	0.0059	-0.0234
185.0355	1162	0.0059	-0.0234
185.1993	1163	0.0070	-0.0181
185.3707	1164	0.0070	-0.0140
185.5352	1165	0.0070	-0.0140
185.6996	1166	0.0070	-0.0140
185.8674	1167	0.0070	-0.0140
186.0327	1168	0.0070	-0.0140
186.2236	1169	-0.0022	-0.0014
186.3682	1170	-0.0022	0.0024
186.5390	1171	-0.0022	0.0024
186.6995	1172	-0.0022	0.0024
186.8820	1173	-0.0022	0.0024
187.0356	1174	-0.0022	0.0024
187.2002	1175	0.0008	0.0038
187.3729	1176	0.0008	0.0038
187.5333	1177	0.0008	0.0038
187.7112	1178	0.0008	0.0128
187.8674	1179	0.0008	0.0128
188.0359	1180	0.0008	0.0128
188.2222	1181	0.0124	0.0173
188.3679	1182	0.0124	0.0220
188.5359	1183	0.0124	0.0220
188.7130	1184	0.0124	0.0220
188.8670	1185	0.0124	0.0220
189.0339	1186	0.0124	0.0220
189.2071	1187	-0.0070	0.0060
189.3722	1188	-0.0070	0.0059
189.5348	1189	-0.0070	0.0059
189.7015	1190	-0.0070	0.0059
189.8684	1191	-0.0070	0.0059
190.0354	1192	-0.0070	0.0059
190.2097	1193	-0.0009	0.0085
190.3683	1194	-0.0009	0.0010
190.5347	1195	-0.0009	0.0010
190.7068	1196	-0.0009	0.0010
190.8802	1197	-0.0009	0.0010
191.0349	1198	-0.0009	0.0010
191.2017	1199	-0.0029	-0.0004
191.3691	1200	-0.0029	-0.0029
191.4578	1201	-0.0029	-0.0029
191.6437	1202	-0.0029	-0.0029
191.7881	1203	-0.0029	-0.0029
191.9986	1204	-0.0029	-0.0029
192.1200	1205	-0.0029	-0.0029
192.2862	1206	-0.0058	-0.0142
192.4535	1207	-0.0058	-0.0142
192.6510	1208	-0.0058	-0.0142
192.8311	1209	-0.0058	-0.0142
192.9475	1210	-0.0058	-0.0142
193.1156	1211	-0.0058	-0.0142
193.2808	1212	-0.0058	0.0013
193.4472	1213	0.0047	-0.0075
193.6114	1214	0.0047	-0.0075
193.8158	1215	0.0047	-0.0075
193.9419	1216	0.0047	-0.0075
194.1062	1217	0.0047	-0.0075
194.2713	1218	0.0047	-0.0135
194.4384	1219	0.0034	0.0033
194.6093	1220	0.0034	0.0033
194.7844	1221	0.0034	0.0033
194.9645	1222	0.0034	0.0033
195.1397	1223	0.0034	0.0033
195.2908	1224	0.0103	0.0100
195.4366	1225	0.0103	0.0100
195.6268	1226	0.0103	0.0100
195.8114	1227	0.0103	0.0100
195.9282	1228	0.0103	0.0100
196.1415	1229	0.0103	0.0100
196.2624	1230	0.0119	0.0091
196.4306	1231	0.0119	0.0135
196.6485	1232	0.0119	0.0135
196.7562	1233	0.0119	0.0135
196.9670	1234	0.0119	0.0135
197.0873	1235	0.0119	0.0135
197.2542	1236	0.0197	0.0157
197.4605	1237	0.0197	0.0157
197.5851	1238	0.0197	0.0201
197.7524	1239	0.0197	0.0201
197.9159	1240	0.0197	0.0201
198.0810	1241	0.0197	0.0201
198.2477	1242	0.0258	0.0130
198.4172	1243	0.0258	0.0130
198.6287	1244	0.0258	0.0109
198.7443	1245	0.0258	0.0109
198.9093	1246	0.0258	0.0109
199.0816	1247	0.0258	0.0109
199.2576	1248	0.0258	0.0109
199.4214	1249	0.0258	0.0101
199.5724	1250	0.0258	0.0101
199.7417	1251	0.0241	0.0063
199.9437	1252	0.0241	0.0063
200.0693	1253	0.0241	0.0063
200.2763	1254	0.0089	-0.0044
200.4011	1255	0.0089	-0.0048
200.6120	1256	0.0089	-0.0048
200.7350	1257	0.0089	-0.0048
200.9362	1258	0.0089	-0.0048
201.0647	1259	0.0089	-0.0048
201.2532	1260	0.0263	0.0068
201.3943	1261	0.0263	0.0044
201.5879	1262	0.0263	0.0044
201.7667	1263	0.0263	0.0044
201.8921	1264	0.0263	0.0044
202.0922	1265	0.0263	0.0044
202.2247	1266	0.0268	0.0039
202.4091	1267	0.0268	0.0008
202.5544	1268	0.0268	0.0008
202.7223	1269	0.0268	0.0008
202.8841	1270	0.0268	0.0008
203.0503	1271	0.0268	0.0008
203.2424	1272	0.0302	0.0027
203.3841	1273	0.0302	0.0027
203.5626	1274	0.0302	0.0027
203.7158	1275	0.0302	0.0027
203.8788	1276	0.0302	0.0046
204.0454	1277	0.0302	0.0046
204.2150	1278	0.0305	0.0038
204.3796	1279	0.0305	0.0165
204.5730	1280	0.0305	0.0165
204.7063	1281	0.0305	0.0165
204.8766	1282	0.0305	0.0165
205.0711	1283	0.0305	0.0165
205.2107	1284	-0.0192	0.0332
205.3778	1285	-0.0192	0.0252
205.5424	1286	-0.0192	0.0252
205.7067	1287	-0.0192	0.0252
205.8737	1288	-0.0192	0.0252
206.0394	1289	-0.0192	0.0252
206.2181	1290	-0.0267	0.0158
206.4104	1291	-0.0267	0.0163
206.5395	1292	-0.0267	0.0163
206.7065	1293	-0.0267	0.0163
206.8731	1294	-0.0267	0.0163
207.0422	1295	-0.0267	0.0163
207.2109	1296	-0.0143	0.0207
207.3731	1297	-0.0143	0.0203
207.5707	1298	-0.0143	0.0203
207.7077	1299	-0.0143	0.0203
207.8832	1300	-0.0143	0.0203
208.0621	1301	-0.0143	0.0203
208.2109	1302	-0.0128	0.0170
208.3795	1303	-0.0128	0.0180
208.5680	1304	-0.0128	0.0180
208.7079	1305	-0.0128	0.0180
208.8745	1306	-0.0128	0.0180
209.0767	1307	-0.0128	0.0180
209.2075	1308	-0.0120	0.0149
209.3766	1309	-0.0120	0.0055
209.5437	1310	-0.0120	0.0055
209.7272	1311	-0.0120	0.0055
209.8744	1312	-0.0120	0.0055
210.0424	1313	-0.0120	0.0055
210.2147	1314	-0.0173	0.0012
210.3826	1315	-0.0173	0.0074
210.5408	1316	-0.0173	0.0074
210.7253	1317	-0.0173	0.0074
210.8750	1318	-0.0173	0.0074
211.0425	1319	-0.0173	0.0074
211.2319	1320	-0.0012	0.0158
211.3926	1321	-0.0012	0.0101
211.5412	1322	-0.0012	0.0101
211.7082	1323	-0.0012	0.0101
211.8758	1324	-0.0012	0.0101
212.0416	1325	-0.0012	0.0101
212.2414	1326	-0.0035	0.0067
212.3749	1327	-0.0035	0.0073
212.5614	1328	-0.0035	0.0073
212.7085	1329	-0.0035	0.0073
212.8770	1330	-0.0035	0.0073
213.0433	1331	-0.0035	0.0073
213.2090	1332	0.0061	0.0117
213.3838	1333	0.0061	0.0141
213.5417	1334	0.0061	0.0141
213.7111	1335	0.0061	0.0141
213.8756	1336	0.0061	0.0141
214.0432	1337	0.0061	0.0141
214.2141	1338	0.0228	0.0215
214.3757	1339	0.0228	0.0303
214.5467	1340	0.0228	0.0303
214.7353	1341	0.0228	0.0303
214.8759	1342	0.0228	0.0303
215.0429	1343	0.0228	0.0303
215.2106	1344	0.0206	0.0232
215.3962	1345	0.0206	0.0168
215.5428	1346	0.0206	0.0168
215.7108	1347	0.0206	0.0168
215.8775	1348	0.0160	0.0107
216.0759	1349	0.0160	0.0107
216.2122	1350	0.0160	0.0107
216.3791	1351	0.0160	0.0152
216.5443	1352	0.0160	0.0152
216.7099	1353	0.0160	0.0152
216.8407	1354	0.0160	0.0152
217.0055	1355	0.0160	0.0152
217.1286	1356	0.0160	0.0152
217.3296	1357	0.0255	0.0151
217.4601	1358	0.0255	0.0151
217.6302	1359	0.0255	0.0151
217.8080	1360	0.0255	0.0151
217.9570	1361	0.0255	0.0151
218.1605	1362	0.0255	0.0151
218.2981	1363	0.0272	0.0035
218.4543	1364	0.0272	0.0035
218.6291	1365	0.0272	0.0035
218.7876	1366	0.0272	0.0035
218.9548	1367	0.0272	0.0035
219.1393	1368	0.0272	0.0035
219.2814	1369	0.0392	0.0144
219.4487	1370	0.0392	0.0144
219.6197	1371	0.0392	0.0144
219.7825	1372	0.0392	0.0144
219.9918	1373	0.0392	0.0239
220.1130	1374	0.0392	0.0239
220.2752	1375	0.0483	0.0249
220.4422	1376	0.0483	0.0249
220.6072	1377	0.0483	0.0249
220.7752	1378	0.0483	0.0249
220.9413	1379	0.0483	0.0249
221.1033	1380	0.0483	0.0249
221.2724	1381	0.0587	0.0140
221.4446	1382	0.0587	0.0132
221.6294	1383	0.0587	0.0132
221.7660	1384	0.0587	0.0132
221.9350	1385	0.0587	0.0132
222.1028	1386	0.0587	0.0132
222.2627	1387	0.0430	0.0011
222.4289	1388	0.0430	0.0031
222.6022	1389	0.0430	0.0031
222.8010	1390	0.0430	0.0031
222.9239	1391	0.0430	0.0031
223.0918	1392	0.0430	0.0031
223.2597	1393	0.0375	-0.0010
223.4335	1394	0.0375	-0.0076
223.6178	1395	0.0375	-0.0076
223.8133	1396	0.0375	-0.0076
223.9170	1397	0.0375	-0.0076
224.0830	1398	0.0375	-0.0076
224.2484	1399	0.0395	-0.0142
224.4247	1400	0.0395	-0.0190
224.6197	1401	0.0395	-0.0190
224.7872	1402	0.0395	-0.0190
224.9105	1403	0.0395	-0.0190
225.0793	1404	0.0395	-0.0190
225.2768	1405	0.0304	-0.0208
225.4143	1406	0.0304	-0.0284
225.6138	1407	0.0304	-0.0284
225.7408	1408	0.0304	-0.0284
225.9041	1409	0.0304	-0.0284
226.0722	1410	0.0304	-0.0284
226.2364	1411	0.0375	-0.0181
226.4029	1412	0.0375	-0.0075
226.5715	1413	0.0375	-0.0075
226.7354	1414	0.0375	-0.0075
226.8970	1415	0.0375	-0.0075
227.0648	1416	0.0375	-0.0075
227.2320	1417	0.0461	-0.0007
227.4002	1418	0.0461	0.0062
227.5934	1419	0.0461	0.0062
227.7261	1420	0.0461	0.0062
227.8924	1421	0.0461	0.0062
228.0586	1422	0.0461	0.0062
228.2251	1423	0.0410	0.0018
228.3943	1424	0.0410	0.0012
228.5629	1425	0.0410	0.0012
228.7188	1426	0.0410	0.0012
228.8836	1427	0.0410	0.0012
229.0532	1428	0.0410	0.0012
229.2145	1429	-0.0467	0.0302
229.4317	1430	-0.0467	0.0383
229.5461	1431	-0.0467	0.0383
229.7145	1432	-0.0467	0.0383
229.8794	1433	-0.0467	0.0383
230.0465	1434	-0.0467	0.0383
230.2133	1435	0.0314	0.0006
230.3756	1436	0.0314	-0.0048
230.5572	1437	0.0314	-0.0048
230.7454	1438	0.0314	-0.0048
230.8763	1439	0.0314	-0.0048
231.0676	1440	0.0314	-0.0048
231.2476	1441	0.0343	-0.0020
231.3755	1442	0.0343	-0.0092
231.5427	1443	0.0343	-0.0092
231.7108	1444	0.0343	-0.0092
231.8771	1445	0.0343	-0.0092
232.0425	1446	0.0296	-0.0102
232.2186	1447	0.0296	-0.0102
232.3753	1448	0.0296	-0.0089
232.5679	1449	0.0296	-0.0089
232.7105	1450	0.0296	-0.0089
232.8750	1451	0.0296	-0.0089
233.0455	1452	0.0296	-0.0089
233.2304	1453	0.0295	-0.0072
233.3911	1454	0.0295	-0.0137
233.5429	1455	0.0295	-0.0137
233.7092	1456	0.0295	-0.0137
233.8749	1457	0.0295	-0.0137
234.0416	1458	0.0295	-0.0137
234.2375	1459	-0.0232	0.0146
234.3752	1460	-0.0232	0.0242
234.5631	1461	-0.0232	0.0242
234.7085	1462	-0.0232	0.0242
234.8748	1463	-0.0232	0.0242
235.0441	1464	-0.0232	0.0242
235.2146	1465	-0.0099	0.0276
235.3761	1466	-0.0099	0.0258
235.5463	1467	-0.0099	0.0258
235.7080	1468	-0.0099	0.0258
235.8865	1469	-0.0099	0.0258
236.0428	1470	-0.0099	0.0258
236.2109	1471	-0.0018	0.0293
236.3976	1472	-0.0018	0.0293
236.5414	1473	-0.0018	0.0293
236.7086	1474	-0.0018	0.0293
236.8772	1475	-0.0018	0.0293
237.0435	1476	-0.0018	0.0293
237.2135	1477	0.0150	0.0338
237.3770	1478	0.0150	0.0360
237.5612	1479	0.0150	0.0360
237.7084	1480	0.0150	0.0360
237.8758	1481	0.0150	0.0360
238.0430	1482	0.0150	0.0360
238.2088	1483	0.0223	0.0330
238.3852	1484	0.0223	0.0348
238.5416	1485	0.0223	0.0348
238.7100	1486	0.0223	0.0348
238.8751	1487	0.0223	0.0348
239.0423	1488	0.0223	0.0348
239.2087	1489	0.0453	0.0419
239.3870	1490	0.0453	0.0421
239.5428	1491	0.0453	0.0421
239.7080	1492	0.0453	0.0421
239.8792	1493	0.0453	0.0421
240.0426	1494	0.0453	0.0421
240.2248	1495	0.0320	0.0262
240.3747	1496	0.0320	0.0265
240.5424	1497	0.0320	0.0265
240.7080	1498	0.0320	0.0265
240.8764	1499	0.0320	0.0265
241.0433	1500	0.0320	0.0265
241.2239	1501	0.0440	0.0059
241.4006	1502	0.0440	0.0007
241.5423	1503	0.0440	0.0007
241.7085	1504	0.0440	0.0007
241.8743	1505	0.0440	0.0007
241.9631	1506	0.0440	0.0007
242.1277	1507	0.0440	0.0007
242.2934	1508	0.0367	-0.0039
242.4595	1509	0.0367	-0.0039
242.6281	1510	0.0367	-0.0039
242.7991	1511	0.0367	-0.0039
242.9569	1512	0.0367	-0.0039
243.1211	1513	0.0367	-0.0039
243.2873	1514	0.0461	-0.0081
243.4534	1515	0.0461	-0.0081
243.6231	1516	0.0461	-0.0081
243.7881	1517	0.0461	-0.0081
243.9501	1518	0.0461	-0.0081
244.1416	1519	0.0461	-0.0081
244.2806	1520	0.0471	0.0087
244.4471	1521	0.0471	0.0087
244.6181	1522	0.0471	0.0087
244.7805	1523	0.0471	0.0087
244.9450	1524	0.0471	0.0087
245.1157	1525	0.0471	0.0087
245.2772	1526	0.0271	-0.0133
245.4651	1527	0.0271	-0.0133
245.6088	1528	0.0271	-0.0133
245.8197	1529	0.0271	-0.0133
245.9395	1530	0.0271	-0.0133
246.1024	1531	0.0271	-0.0133
246.2696	1532	0.0279	-0.0101
246.4462	1533	0.0279	-0.0070
246.5998	1534	0.0279	-0.0070
246.8061	1535	0.0279	-0.0070
246.9293	1536	0.0279	-0.0070
247.0958	1537	0.0279	-0.0070
247.2646	1538	0.0211	-0.0098
247.4415	1539	0.0211	-0.0197
247.6581	1540	0.0211	-0.0197
247.7598	1541	0.0211	-0.0197
247.9230	1542	0.0211	-0.0197
248.0882	1543	0.0211	-0.0197
248.2547	1544	0.0257	-0.0128
248.4298	1545	0.0257	-0.0168
248.6016	1546	0.0257	-0.0168
248.7531	1547	0.0257	-0.0168
248.9161	1548	0.0257	-0.0168
249.0943	1549	0.0257	-0.0168
249.2504	1550	0.0211	-0.0163
249.4170	1551	0.0211	-0.0046
249.6245	1552	0.0211	-0.0046
249.7459	1553	0.0211	-0.0046
249.9131	1554	0.0211	-0.0046
250.0755	1555	0.0211	-0.0046
250.2464	1556	0.0190	-0.0050
250.4081	1557	0.0190	-0.0069
250.5736	1558	0.0190	-0.0069
250.7469	1559	0.0190	-0.0069
250.9042	1560	0.0190	-0.0069
251.0688	1561	0.0190	-0.0069
251.2353	1562	0.0004	-0.0171
251.4026	1563	0.0004	-0.0161
251.5685	1564	0.0004	-0.0161
251.7341	1565	0.0004	-0.0161
251.8968	1566	0.0004	-0.0161
252.0650	1567	0.0004	-0.0161
252.2301	1568	0.0148	-0.0039
252.4468	1569	0.0148	-0.0084
252.5585	1570	0.0148	-0.0084
252.7250	1571	0.0148	-0.0084
252.8905	1572	0.0148	-0.0084
253.0978	1573	0.0148	-0.0084
253.2257	1574	0.0120	-0.0085
253.4429	1575	0.0120	-0.0070
253.5522	1576	0.0120	-0.0070
253.7630	1577	0.0120	-0.0070
253.8847	1578	0.0120	-0.0070
254.0556	1579	0.0120	-0.0070
254.2613	1580	0.0078	-0.0083
254.3805	1581	0.0078	-0.0087
254.5884	1582	0.0078	-0.0087
254.7213	1583	0.0078	-0.0087
254.8830	1584	0.0078	-0.0087
255.0448	1585	0.0078	-0.0087
255.2288	1586	0.0065	-0.0078
255.3747	1587	0.0065	0.0047
255.5909	1588	0.0065	0.0047
255.7071	1589	0.0065	0.0047
255.8747	1590	0.0065	0.0047
256.0412	1591	0.0065	0.0047
256.2155	1592	-0.0006	-0.0007
256.3822	1593	-0.0006	-0.0122
256.5408	1594	-0.0006	-0.0122
256.7178	1595	-0.0006	-0.0122
256.8769	1596	-0.0006	-0.0122
257.0429	1597	-0.0006	-0.0122
257.2089	1598	-0.0011	-0.0100
257.3744	1599	-0.0011	-0.0103
257.5437	1600	-0.0011	-0.0103
257.7081	1601	-0.0011	-0.0103
257.8742	1602	-0.0011	-0.0103
258.0424	1603	-0.0011	-0.0103
258.2102	1604	-0.0014	-0.0084
258.3763	1605	-0.0014	-0.0072
258.5643	1606	-0.0014	-0.0072
258.7273	1607	-0.0014	-0.0072
258.8751	1608	-0.0014	-0.0072
259.0450	1609	-0.0014	-0.0072
259.2381	1610	0.0003	-0.0046
259.3742	1611	0.0003	-0.0048
259.5637	1612	0.0003	-0.0048
259.7087	1613	0.0003	-0.0048
259.8759	1614	0.0003	-0.0048
260.0453	1615	0.0003	-0.0048
260.2078	1616	0.0101	0.0022
260.3743	1617	0.0101	0.0083
260.5414	1618	0.0101	0.0083
260.7098	1619	0.0101	0.0083
260.8746	1620	0.0101	0.0083
261.0414	1621	0.0101	0.0083
261.2090	1622	0.0072	0.0048
261.3925	1623	0.0072	0.0063
261.5415	1624	0.0072	0.0063
261.7087	1625	0.0072	0.0063
261.8791	1626	0.0072	0.0063
262.0415	1627	0.0072	0.0063
262.2151	1628	-0.0076	-0.0040
262.4000	1629	-0.0076	-0.0048
262.5425	1630	-0.0076	-0.0048
262.7079	1631	-0.0076	-0.0048
262.8750	1632	-0.0076	-0.0048
263.0595	1633	-0.0076	-0.0048
263.2085	1634	-0.0094	-0.0049
263.3990	1635	-0.0094	-0.0075
263.5429	1636	-0.0094	-0.0075
263.7250	1637	-0.0094	-0.0075
263.8965	1638	-0.0094	-0.0075
264.0417	1639	-0.0094	-0.0075
264.2091	1640	-0.0094	-0.0075
264.3953	1641	-0.0094	-0.0201
264.5592	1642	-0.0034	-0.0105
264.7093	1643	-0.0034	-0.0105
264.8750	1644	-0.0034	-0.0105
265.0439	1645	-0.0034	-0.0105
265.2109	1646	0.0027	-0.0045
265.3755	1647	0.0027	-0.0035
265.5435	1648	0.0027	-0.0035
265.7077	1649	0.0027	-0.0035
265.8756	1650	0.0027	-0.0035
266.0425	1651	0.0027	-0.0035
266.2087	1652	0.0180	0.0067
266.3769	1653	0.0180	0.0195
266.5446	1654	0.0180	0.0195
266.7152	1655	0.0180	0.0195
266.8762	1656	0.0180	0.0195
267.0634	1657	0.0180	0.0195
267.2115	1658	-0.0217	0.0284
267.2984	1659	-0.0217	0.0348
267.4623	1660	-0.0217	0.0348
267.6381	1661	-0.0217	0.0348
267.8424	1662	-0.0217	0.0348
267.9599	1663	-0.0217	0.0348
268.1256	1664	-0.0217	0.0348
268.2890	1665	-0.0086	0.0361
268.4565	1666	-0.0086	0.0361
268.6248	1667	-0.0086	0.0383
268.8395	1668	-0.0086	0.0383
268.9518	1669	-0.0086	0.0383
269.1223	1670	-0.0086	0.0383
269.2848	1671	0.0050	0.0421
269.4501	1672	0.0050	0.0421
269.6269	1673	0.0050	0.0421
269.8301	1674	0.0050	0.0421
269.9460	1675	0.0050	0.0421
270.1136	1676	0.0050	0.0421
270.2767	1677	0.0207	0.0403
270.4430	1678	0.0207	0.0403
270.6132	1679	0.0207	0.0403
270.8256	1680	0.0207	0.0403
270.9386	1681	0.0207	0.0403
271.1078	1682	0.0207	0.0403
271.2722	1683	0.0169	-0.0059
271.4374	1684	0.0169	-0.0059
271.6276	1685	0.0169	-0.0059
271.8127	1686	0.0169	-0.0059
271.9321	1687	0.0169	-0.0059
272.1039	1688	0.0169	-0.0059
272.2654	1689	0.0149	-0.0060
272.4347	1690	0.0149	-0.0156
272.6481	1691	0.0149	-0.0156
272.7596	1692	0.0149	-0.0156
272.9255	1693	0.0149	-0.0156
273.0929	1694	0.0149	-0.0156
273.2611	1695	0.0143	-0.0128
273.4327	1696	0.0143	-0.0244
273.6222	1697	0.0143	-0.0244
273.7536	1698	0.0143	-0.0244
273.9188	1699	0.0143	-0.0244
274.0901	1700	0.0143	-0.0244
274.2560	1701	0.0121	-0.0207
274.4195	1702	0.0121	-0.0360
274.5835	1703	0.0121	-0.0360
274.7476	1704	0.0121	-0.0360
274.9530	1705	0.0121	-0.0360
275.0783	1706	0.0121	-0.0360
275.2447	1707	-0.0082	-0.0180
275.4102	1708	-0.0082	0.0075
275.5922	1709	-0.0082	0.0075
275.7829	1710	-0.0082	0.0075
275.9080	1711	-0.0082	0.0075
276.0742	1712	-0.0082	0.0075
276.2386	1713	-0.0049	0.0081
276.4034	1714	-0.0049	0.0094
276.5864	1715	-0.0049	0.0094
276.7346	1716	-0.0049	0.0094
276.9369	1717	-0.0049	0.0094
277.0681	1718	-0.0049	0.0094
277.2512	1719	0.0105	0.0172
277.4319	1720	0.0105	0.0199
277.5615	1721	0.0105	0.0199
277.7765	1722	0.0105	0.0199
277.9365	1723	0.0105	0.0199
278.0592	1724	0.0105	0.0199
278.2704	1725	0.0086	0.0145
278.3918	1726	0.0086	0.0177
278.5754	1727	0.0086	0.0177
278.7347	1728	0.0086	0.0177
278.8869	1729	0.0086	0.0177
279.0701	1730	0.0086	0.0177
279.2705	1731	0.0148	0.0179
279.3827	1732	0.0148	0.0177
279.5546	1733	0.0148	0.0177
279.7592	1734	0.0148	0.0177
279.8821	1735	0.0148	0.0177
280.0497	1736	0.0148	0.0177
280.2153	1737	0.0148	0.0177
280.3810	1738	0.0148	0.0201
280.5470	1739	0.0148	0.0201
280.7388	1740	0.0457	0.0388
280.8804	1741	0.0457	0.0388
281.0448	1742	0.0457	0.0388
281.2226	1743	0.0589	0.0393
281.3775	1744	0.0589	0.0368
281.5436	1745	0.0589	0.0368
281.7115	1746	0.0589	0.0368
281.8759	1747	0.0589	0.0368
282.0434	1748	0.0589	0.0368
282.2451	1749	0.0488	0.0237
282.3903	1750	0.0488	0.0315
282.5494	1751	0.0488	0.0315
282.7091	1752	0.0488	0.0315
282.8761	1753	0.0488	0.0315
283.0426	1754	0.0488	0.0315
283.2227	1755	0.0480	-0.0026
283.3770	1756	0.0480	-0.0006
283.5429	1757	0.0480	-0.0006
283.7174	1758	0.0480	-0.0006
283.8765	1759	0.0480	-0.0006
284.0444	1760	0.0480	-0.0006
284.2116	1761	0.0562	0.0047
284.3761	1762	0.0562	0.0047
284.5442	1763	0.0562	0.0047
284.7101	1764	0.0562	0.0047
284.8842	1765	0.0562	-0.0111
285.0545	1766	0.0562	-0.0111
285.2113	1767	0.0592	-0.0069
285.3776	1768	0.0592	-0.0116
285.5446	1769	0.0592	-0.0116
285.7116	1770	0.0592	-0.0116
285.8773	1771	0.0592	-0.0116
286.0440	1772	0.0592	-0.0116
286.2113	1773	0.0582	-0.0098
286.4036	1774	0.0582	0.0023
286.5439	1775	0.0582	0.0023
286.7273	1776	0.0582	0.0023
286.8786	1777	0.0582	0.0023
287.0441	1778	0.0582	0.0023
287.2126	1779	0.0597	0.0027
287.3980	1780	0.0597	0.0090
287.5596	1781	0.0597	0.0090
287.7099	1782	0.0597	0.0090
287.8798	1783	0.0597	0.0090
288.0649	1784	0.0597	0.0090
288.2116	1785	0.0563	0.0051
288.3796	1786	0.0563	0.0001
288.5434	1787	0.0563	0.0001
288.7164	1788	0.0563	0.0001
288.8838	1789	0.0563	0.0001
289.0436	1790	0.0563	0.0001
289.2383	1791	0.0503	-0.0036
289.4018	1792	0.0503	-0.0069
289.5451	1793	0.0503	-0.0069
289.7127	1794	0.0503	-0.0069
289.8767	1795	0.0503	-0.0069
290.0475	1796	0.0503	-0.0069
290.2123	1797	0.0503	-0.0069
290.3786	1798	0.0523	-0.0045
290.5633	1799	0.0523	-0.0045
290.7278	1800	0.0523	-0.0045
290.8774	1801	0.0523	-0.0045
291.0445	1802	0.0523	-0.0045
291.2286	1803	0.0462	-0.0074
291.3951	1804	0.0462	-0.0104
291.5671	1805	0.0462	-0.0104
291.7122	1806	0.0462	-0.0104
291.8778	1807	0.0462	-0.0104
292.0457	1808	0.0462	-0.0104
292.2130	1809	0.0254	-0.0214
292.3994	1810	0.0254	-0.0243
292.4917	1811	0.0254	-0.0243
292.6727	1812	0.0254	-0.0243
292.8332	1813	0.0254	-0.0243
292.9630	1814	0.0254	-0.0243
293.1278	1815	0.0254	-0.0243
293.2951	1816	0.0174	-0.0255
293.4595	1817	0.0174	-0.0255
293.6644	1818	0.0174	-0.0255
293.7905	1819	0.0174	-0.0255
293.9610	1820	0.0174	-0.0255
294.1690	1821	0.0174	-0.0255
294.2874	1822	0.0202	-0.0187
294.4546	1823	0.0202	-0.0251
294.6666	1824	0.0202	-0.0251
294.7839	1825	0.0202	-0.0251
294.9793	1826	0.0202	-0.0251
295.1608	1827	0.0202	-0.0251
295.2821	1828	0.0135	-0.0253
295.4520	1829	0.0135	-0.0253
295.6259	1830	0.0135	-0.0253
295.8072	1831	0.0135	-0.0253
295.9477	1832	0.0135	-0.0253
296.1611	1833	0.0135	-0.0253
296.2757	1834	0.0089	-0.0125
296.4854	1835	0.0089	-0.0125
296.6077	1836	0.0089	-0.0125
296.8178	1837	0.0089	-0.0125
296.9377	1838	0.0205	-0.0030
297.1059	1839	0.0205	-0.0030
297.2696	1840	0.0205	-0.0030
297.4389	1841	0.0205	0.0023
297.6022	1842	0.0205	0.0023
297.7705	1843	0.0205	0.0023
297.9340	1844	0.0205	0.0023
298.0962	1845	0.0205	0.0023
298.2744	1846	0.0278	0.0063
298.4702	1847	0.0278	0.0057
298.5970	1848	0.0278	0.0057
298.8039	1849	0.0278	0.0057
298.9239	1850	0.0278	0.0057
299.0910	1851	0.0278	0.0057
299.2557	1852	0.0270	0.0041
299.4346	1853	0.0270	0.0103
299.6112	1854	0.0270	0.0103
299.7522	1855	0.0270	0.0103
299.9428	1856	0.0270	0.0103
300.1066	1857	0.0270	0.0103
300.2727	1858	0.0199	0.0039
300.4591	1859	0.0199	0.0084
300.5805	1860	0.0199	0.0084
300.7494	1861	0.0199	0.0084
300.9110	1862	0.0199	0.0084
301.0811	1863	0.0199	-0.0006
301.2424	1864	0.0322	0.0089
301.4214	1865	0.0322	0.0089
301.5771	1866	0.0322	0.0089
301.7780	1867	0.0322	0.0089
301.9058	1868	0.0322	0.0089
302.0707	1869	0.0322	0.0089
302.2388	1870	0.0355	0.0092
302.4027	1871	0.0355	0.0059
302.5678	1872	0.0355	0.0059
302.7348	1873	0.0355	0.0059
302.9061	1874	0.0355	0.0059
303.0681	1875	0.0355	0.0059
303.2400	1876	0.0285	0.0004
303.4040	1877	0.0285	0.0011
303.6103	1878	0.0285	0.0011
303.7262	1879	0.0285	0.0011
303.8932	1880	0.0285	0.0011
304.0586	1881	0.0285	0.0011
304.2278	1882	0.0325	0.0033
304.4024	1883	0.0325	0.0095
304.5555	1884	0.0325	0.0095
304.7219	1885	0.0325	0.0095
304.8889	1886	0.0325	0.0095
305.0540	1887	0.0325	0.0095
305.2400	1888	0.0248	0.0030
305.4178	1889	0.0248	-0.0057
305.5896	1890	0.0248	-0.0057
305.7162	1891	0.0248	-0.0057
305.8803	1892	0.0248	-0.0057
306.0993	1893	0.0248	-0.0057
306.2140	1894	-0.0259	0.0189
306.4124	1895	-0.0259	0.0154
306.5467	1896	-0.0259	0.0154
306.7138	1897	-0.0259	0.0154
306.8803	1898	-0.0259	0.0154
307.0470	1899	-0.0259	0.0154
307.2193	1900	-0.0140	0.0196
307.3804	1901	-0.0140	0.0242
307.5706	1902	-0.0140	0.0242
307.7132	1903	-0.0140	0.0242
307.8798	1904	-0.0140	0.0242
308.0467	1905	-0.0140	0.0242
308.2246	1906	-0.0098	0.0220
308.3827	1907	-0.0098	0.0187
308.5545	1908	-0.0098	0.0187
308.7133	1909	-0.0098	0.0187
308.8801	1910	-0.0098	0.0187
309.0495	1911	-0.0098	0.0187
309.2145	1912	-0.0102	0.0147
309.3810	1913	-0.0102	0.0188
309.5708	1914	-0.0102	0.0188
309.7131	1915	-0.0102	0.0188
309.8814	1916	-0.0102	0.0188
310.0481	1917	-0.0102	0.0188
310.2158	1918	-0.0078	0.0165
310.3803	1919	-0.0078	0.0139
310.5477	1920	-0.0078	0.0139
310.7150	1921	-0.0078	0.0139
310.8813	1922	-0.0078	0.0139
311.0482	1923	-0.0078	0.0139
311.2142	1924	-0.0001	0.0186
311.3803	1925	-0.0001	0.0146
311.5507	1926	-0.0001	0.0146
311.7147	1927	-0.0001	0.0146
311.8806	1928	-0.0001	0.0146
312.0591	1929	-0.0001	0.0146
312.2146	1930	0.0142	0.0204
312.3879	1931	0.0142	0.0227
312.5474	1932	0.0142	0.0227
312.7142	1933	0.0142	0.0227
312.8821	1934	0.0142	0.0227
313.0479	1935	0.0015	0.0104
313.2174	1936	0.0015	0.0104
313.3809	1937	0.0015	0.0137
313.5487	1938	0.0015	0.0137
313.7146	1939	0.0015	0.0137
313.8814	1940	0.0015	0.0137
314.0476	1941	0.0015	0.0137
314.2249	1942	0.0117	0.0171
314.3894	1943	0.0117	0.0200
314.5824	1944	0.0117	0.0200
314.7154	1945	0.0117	0.0200
314.8816	1946	0.0117	0.0200
315.0514	1947	0.0117	0.0200
315.2163	1948	0.0117	0.0200
315.3873	1949	0.0149	-0.0059
315.5524	1950	0.0149	-0.0059
315.7145	1951	0.0149	-0.0059
315.8812	1952	0.0149	-0.0059
316.0479	1953	0.0149	-0.0059
316.2225	1954	0.0149	-0.0059
316.4043	1955	0.0185	-0.0087
316.5486	1956	0.0185	-0.0087
316.7146	1957	0.0185	-0.0087
316.8876	1958	0.0185	-0.0087
317.0494	1959	0.0185	-0.0087
317.2288	1960	-0.0056	-0.0123
317.3958	1961	-0.0056	-0.0123
317.5668	1962	-0.0056	-0.0123
317.7148	1963	-0.0056	-0.0123
317.8423	1964	-0.0056	-0.0123
317.9706	1965	-0.0056	-0.0123
318.1367	1966	-0.0056	-0.0123
318.3001	1967	-0.0029	-0.0127
318.4827	1968	-0.0029	-0.0127
318.6342	1969	-0.0029	-0.0127
318.8468	1970	-0.0029	-0.0127
318.9626	1971	-0.0029	-0.0127
319.1293	1972	-0.0029	-0.0127
319.2975	1973	-0.0084	-0.0135
319.4601	1974	-0.0084	-0.0178
319.6276	1975	-0.0084	-0.0178
319.8429	1976	-0.0084	-0.0178
319.9554	1977	-0.0084	-0.0178
320.1707	1978	-0.0084	-0.0178
320.2891	1979	-0.0079	-0.0140
320.4534	1980	-0.0079	-0.0203
320.6217	1981	-0.0079	-0.0203
320.8366	1982	-0.0079	-0.0203
320.9499	1983	-0.0079	-0.0203
321.1167	1984	-0.0079	-0.0203
321.2822	1985	0.0073	-0.0204
321.4484	1986	0.0073	-0.0204
321.6124	1987	0.0073	-0.0204
321.7807	1988	0.0073	-0.0204
321.9481	1989	0.0073	-0.0204
322.1467	1990	0.0073	-0.0204
322.2744	1991	0.0057	-0.0173
322.4413	1992	0.0057	-0.0230
322.6082	1993	0.0057	-0.0230
322.7763	1994	0.0057	-0.0230
322.9397	1995	0.0057	-0.0230
323.1046	1996	0.0057	-0.0230
323.2694	1997	0.0038	-0.0195
323.4381	1998	0.0038	-0.0192
323.5997	1999	0.0038	-0.0192
323.7982	2000	0.0038	-0.0192
323.9314	2001	0.0038	-0.0192
324.0971	2002	0.0038	-0.0192
324.2640	2003	-0.0126	-0.0259
324.4390	2004	-0.0126	-0.0320
324.5931	2005	-0.0126	-0.0320
324.7873	2006	-0.0126	-0.0320
324.9274	2007	-0.0126	-0.0320
325.0905	2008	-0.0126	-0.0320
325.2593	2009	-0.0175	-0.0285
325.4241	2010	-0.0175	-0.0195
325.6125	2011	-0.0175	-0.0195
325.7557	2012	-0.0175	-0.0195
325.9179	2013	-0.0175	-0.0195
326.0974	2014	-0.0175	-0.0195
326.2498	2015	-0.0100	-0.0107
326.4446	2016	-0.0100	-0.0122
326.6330	2017	-0.0100	-0.0122
326.7457	2018	-0.0100	-0.0122
326.9571	2019	-0.0100	-0.0122
327.0787	2020	-0.0100	-0.0122
327.2490	2021	-0.0084	-0.0087
327.4587	2022	-0.0084	-0.0094
327.5776	2023	-0.0084	-0.0094
327.7397	2024	-0.0084	-0.0094
327.9047	2025	-0.0084	-0.0094
328.0746	2026	-0.0084	-0.0094
328.2620	2027	-0.0155	-0.0119
328.4041	2028	-0.0155	-0.0022
328.5690	2029	-0.0155	-0.0022
328.7690	2030	-0.0155	-0.0022
328.8981	2031	-0.0155	-0.0022
329.0668	2032	-0.0155	-0.0022
329.2762	2033	-0.0155	-0.0022
329.4295	2034	-0.0077	0.0075
329.5620	2035	-0.0077	0.0075
329.7445	2036	-0.0077	0.0075
329.8936	2037	-0.0077	0.0075
330.0628	2038	-0.0077	0.0075
330.2276	2039	0.0101	0.0167
330.3926	2040	0.0101	0.0153
330.5613	2041	0.0101	0.0153
330.7330	2042	0.0101	0.0153
330.8879	2043	0.0101	0.0153
331.0554	2044	0.0101	0.0153
331.2188	2045	-0.0108	0.0168
331.3880	2046	-0.0108	0.0189
331.5539	2047	-0.0108	0.0189
331.7178	2048	-0.0108	0.0189
331.8848	2049	-0.0108	0.0189
332.0516	2050	-0.0108	0.0189
332.2222	2051	-0.0025	0.0201
332.4249	2052	-0.0025	0.0296
332.5511	2053	-0.0025	0.0296
332.7181	2054	-0.0025	0.0296
332.8851	2055	-0.0025	0.0296
333.0533	2056	-0.0025	0.0296
333.2208	2057	-0.0051	0.0224
333.3853	2058	-0.0051	0.0224
333.5858	2059	-0.0051	0.0210
333.7183	2060	-0.0051	0.0210
333.8863	2061	-0.0051	0.0210
334.0681	2062	-0.0051	0.0210
334.2186	2063	0.0025	0.0214
334.3884	2064	0.0025	0.0122
334.5744	2065	0.0025	0.0122
334.7184	2066	0.0025	0.0122
334.8851	2067	0.0025	0.0122
335.0866	2068	0.0025	0.0122
335.2186	2069	0.0088	0.0138
335.4174	2070	0.0088	0.0153
335.5528	2071	0.0088	0.0153
335.7191	2072	0.0088	0.0153
335.8855	2073	0.0088	0.0153
336.0540	2074	0.0088	0.0153
336.2212	2075	-0.0008	0.0062
336.4104	2076	-0.0008	0.0013
336.5520	2077	-0.0008	0.0013
336.7194	2078	-0.0008	0.0013
336.8877	2079	-0.0008	0.0013
337.0527	2080	-0.0008	0.0013
337.2194	2081	-0.0005	0.0012
337.3863	2082	-0.0005	0.0035
337.5712	2083	-0.0005	0.0035
337.7233	2084	-0.0005	0.0035
337.8866	2085	-0.0005	0.0035
338.0536	2086	-0.0005	0.0035
338.2194	2087	0.0018	-0.0080
338.3885	2088	0.0018	-0.0150
338.5598	2089	0.0018	-0.0150
338.7197	2090	0.0018	-0.0150
338.8885	2091	0.0018	-0.0150
339.0529	2092	0.0018	-0.0150
339.2208	2093	-0.0014	-0.0024
339.3872	2094	-0.0014	-0.0078
339.5547	2095	-0.0014	-0.0078
339.7206	2096	-0.0014	-0.0078
339.8889	2097	-0.0014	-0.0078
340.0550	2098	-0.0014	-0.0078
340.2206	2099	0.0016	-0.0045
340.4068	2100	0.0016	0.0019
340.5548	2101	0.0016	0.0019
340.7203	2102	0.0016	0.0019
340.8871	2103	0.0016	0.0019
341.0540	2104	0.0016	0.0019
341.2262	2105	0.0044	0.0032
341.3921	2106	0.0044	0.0038
341.5545	2107	0.0044	0.0038
341.7268	2108	0.0044	0.0038
341.8895	2109	0.0044	0.0038
342.0561	2110	0.0044	0.0038
342.2298	2111	-0.0051	-0.0121
342.3978	2112	-0.0051	-0.0054
342.5546	2113	-0.0051	-0.0054
342.7403	2114	-0.0051	-0.0054
342.8901	2115	-0.0051	-0.0054
343.0832	2116	-0.0051	-0.0054
343.1452	2117	-0.0051	-0.0054
343.3110	2118	-0.0024	-0.0105
343.5060	2119	-0.0024	-0.0105
343.6424	2120	-0.0024	-0.0105
343.8093	2121	-0.0024	-0.0105
343.9696	2122	-0.0024	-0.0105
344.1352	2123	-0.0024	-0.0105
344.3007	2124	-0.0079	-0.0161
344.4681	2125	-0.0079	-0.0161
344.6393	2126	-0.0079	-0.0161
344.8462	2127	-0.0079	-0.0161
344.9646	2128	-0.0079	-0.0161
345.1291	2129	-0.0079	-0.0161
345.3148	2130	-0.0079	-0.0231
345.4624	2131	-0.0113	-0.0198
345.6252	2132	-0.0113	-0.0198
345.8399	2133	-0.0113	-0.0198
345.9586	2134	-0.0113	-0.0198
346.1233	2135	-0.0113	-0.0198
346.2877	2136	-0.0079	-0.0021
346.4534	2137	-0.0079	-0.0021
346.6188	2138	-0.0079	-0.0021
346.7853	2139	-0.0079	-0.0021
346.9534	2140	-0.0079	-0.0021
347.1184	2141	-0.0079	-0.0021
347.2839	2142	-0.0024	0.0017
347.4553	2143	-0.0024	-0.0000
347.6148	2144	-0.0024	-0.0000
347.8121	2145	-0.0024	-0.0000
347.9472	2146	-0.0024	-0.0000
348.1107	2147	-0.0024	-0.0000
348.2774	2148	-0.0066	-0.0026
348.4619	2149	-0.0066	0.0010
348.6597	2150	-0.0066	0.0010
348.7745	2151	-0.0066	0.0010
348.9395	2152	-0.0066	0.0010
349.1051	2153	-0.0066	0.0010
349.2704	2154	0.0058	0.0124
349.4475	2155	0.0058	0.0124
349.6070	2156	0.0058	0.0174
349.7658	2157	0.0058	0.0174
349.9334	2158	0.0058	0.0174
350.0986	2159	0.0058	0.0174
350.2640	2160	-0.0032	0.0083
350.4290	2161	-0.0032	0.0067
350.5943	2162	-0.0032	0.0067
350.7610	2163	-0.0032	0.0067
350.9278	2164	-0.0032	0.0067
351.1132	2165	-0.0032	0.0067
351.2565	2166	-0.0052	0.0041
351.4220	2167	-0.0052	0.0000
351.6365	2168	-0.0052	0.0000
351.7958	2169	-0.0052	0.0000
351.9220	2170	-0.0052	0.0000
352.1328	2171	-0.0052	0.0000
352.2512	2172	0.0013	0.0040
352.4166	2173	0.0013	0.0074
352.6282	2174	0.0013	0.0074
352.7479	2175	0.0013	0.0074
352.9155	2176	0.0013	0.0074
353.0796	2177	0.0013	0.0074
353.2505	2178	0.0036	0.0063
353.4209	2179	0.0036	-0.0020
353.5773	2180	0.0036	-0.0020
353.7868	2181	0.0036	-0.0020
353.9106	2182	0.0036	-0.0020
354.1017	2183	0.0036	-0.0020
354.2833	2184	0.0216	0.0096
354.4133	2185	0.0216	0.0196
354.5721	2186	0.0216	0.0196
354.7363	2187	0.0216	0.0196
354.8996	2188	0.0216	0.0196
355.0667	2189	0.0216	0.0196
355.2356	2190	0.0326	0.0223
355.3993	2191	0.0326	0.0303
355.5756	2192	0.0326	0.0303
355.7287	2193	0.0326	0.0303
355.8960	2194	0.0326	0.0303
356.0626	2195	0.0326	0.0303
356.2305	2196	0.0365	0.0267
356.3999	2197	0.0365	0.0294
356.5571	2198	0.0365	0.0294
356.7281	2199	0.0365	0.0294
356.8911	2200	0.0365	0.0294
357.0582	2201	0.0365	0.0294
357.2248	2202	0.0426	0.0273
357.3916	2203	0.0426	0.0299
357.5579	2204	0.0426	0.0299
357.7269	2205	0.0426	0.0299
357.8913	2206	0.0426	0.0299
358.0581	2207	0.0426	0.0299
358.2503	2208	0.0531	0.0199
358.3932	2209	0.0531	0.0142
358.5595	2210	0.0531	0.0142
358.7244	2211	0.0531	0.0142
358.8910	2212	0.0531	0.0142
359.0585	2213	0.0531	0.0142
359.2273	2214	0.0483	0.0085
359.3965	2215	0.0483	0.0055
359.5613	2216	0.0483	0.0055
359.7248	2217	0.0483	0.0055
359.8914	2218	0.0483	0.0055
360.0587	2219	0.0483	0.0055
360.2579	2220	0.0645	0.0162
360.3929	2221	0.0645	0.0211
360.5606	2222	0.0645	0.0211
360.7249	2223	0.0645	0.0211
360.8993	2224	0.0645	0.0211
361.0583	2225	0.0645	0.0211
361.2284	2226	0.0645	0.0211
361.3995	2227	0.0645	0.0272
361.5584	2228	0.0683	0.0318
361.7253	2229	0.0683	0.0318
361.8920	2230	0.0683	0.0318
362.0661	2231	0.0683	0.0318
362.2281	2232	0.0705	0.0343
362.3927	2233	0.0705	0.0361
362.5598	2234	0.0705	0.0361
362.7255	2235	0.0705	0.0361
362.8952	2236	0.0705	0.0361
363.0613	2237	0.0705	0.0361
363.2492	2238	0.0710	0.0372
363.3920	2239	0.0710	0.1365
363.5627	2240	0.0710	0.1365
363.7278	2241	0.0710	0.1365
363.9080	2242	0.0710	0.1365
364.0672	2243	0.0710	0.1365
364.2488	2244	0.0725	0.1460
364.3953	2245	0.0725	0.7456
364.5775	2246	0.0725	0.7456
364.7412	2247	0.0725	0.7456
364.8926	2248	0.0725	0.7456
365.0843	2249	0.0725	0.7456
365.2449	2250	0.0737	0.7295
365.3960	2251	0.0737	0.7295
365.5615	2252	0.0737	0.7295
365.7277	2253	0.0737	0.8682
365.8952	2254	0.0737	0.8682
366.0813	2255	0.0737	0.8682
366.2305	2256	0.0715	1.6139
366.3947	2257	0.0715	2.9560
366.5596	2258	0.0715	2.9560
366.7267	2259	0.0715	2.9560
366.8938	2260	0.0715	2.9560
367.0653	2261	0.0715	2.9560
367.2287	2262	0.0678	-2.4338
367.3944	2263	0.0678	-2.0919
367.5625	2264	0.0678	-2.0919
367.7290	2265	0.0678	-2.0919
367.8945	2266	0.0678	-2.0919
368.0607	2267	0.0678	-2.0919
368.2296	2268	0.0678	-2.0919
368.3186	2269	0.0678	-1.7804
