dt(cam)	frame	LO	AO
0.0000	0000	0.1242	0.0000
0.0018	0001	0.1242	0.0000
0.0131	0002	0.1249	0.0000
0.0346	0003	0.1249	0.0000
0.0354	0004	0.1249	0.0000
0.0393	0005	0.1249	0.0000
0.0412	0006	0.1249	0.0000
0.0568	0007	0.1249	0.0000
0.0572	0008	0.1249	0.0000
0.0599	0009	0.1249	0.0000
0.0636	0010	0.1249	0.0000
0.0684	0011	0.1249	0.0000
0.1114	0012	0.1249	0.0000
0.1181	0013	0.1249	0.0000
0.1204	0014	0.1249	0.0000
0.1212	0015	0.1249	0.0000
0.1221	0016	0.1249	0.0000
0.1285	0017	0.1249	0.0000
0.1727	0018	0.1249	0.0000
0.1870	0019	0.1249	0.0000
0.1952	0020	0.1249	0.0000
0.2011	0021	0.1247	0.0000
0.2048	0022	0.1247	0.0000
0.2233	0023	0.1247	-2.2613
0.2246	0024	0.1247	-1.4691
0.2258	0025	0.1247	-1.4691
0.2262	0026	0.1247	0.0814
0.2277	0027	0.1247	0.0814
0.2363	0028	0.1247	0.0814
0.2433	0029	0.1247	0.0814
0.2470	0030	0.1247	0.0814
0.2715	0031	0.1247	0.0814
0.2722	0032	0.1247	0.0814
0.2725	0033	0.1247	0.0814
0.2768	0034	0.1247	0.0814
0.2774	0035	0.1247	0.0814
0.2829	0036	0.1247	0.0814
0.2839	0037	0.1247	0.0814
0.2841	0038	0.1247	0.0814
0.2843	0039	0.1247	0.0814
0.2850	0040	0.1247	0.0814
0.2856	0041	0.1247	0.0814
0.2860	0042	0.1247	0.0814
0.2871	0043	0.1247	0.0814
0.2882	0044	0.1247	0.0814
0.2903	0045	0.1247	-2.2613
0.2913	0046	0.1247	-2.2613
0.2923	0047	0.1247	-2.2613
0.2928	0048	0.1247	-2.2613
0.2941	0049	0.1247	-2.2613
0.2975	0050	0.1247	-2.2613
0.2992	0051	0.1247	-2.2613
0.3003	0052	0.1247	-2.2613
0.3058	0053	0.1247	-2.2613
0.3121	0054	0.1247	-2.2613
0.3123	0055	0.1247	-2.2613
0.3129	0056	0.1247	-2.2613
0.3131	0057	0.1247	-2.2613
0.3132	0058	0.1247	-2.2613
0.3134	0059	0.1247	-2.2613
0.3137	0060	0.1247	-2.2613
0.3139	0061	0.1247	-2.2613
0.3141	0062	0.1247	-2.2613
0.3142	0063	0.1247	-2.2613
0.3346	0064	0.1247	-2.2613
0.4620	0065	0.1247	-2.2613
0.6297	0066	0.1247	-2.2613
0.8175	0067	0.1247	-2.2613
0.9679	0068	0.1237	2.9320
1.1482	0069	0.1237	2.9320
1.3083	0070	0.1237	2.9320
1.4645	0071	0.1237	2.9320
1.6281	0072	0.1237	2.9320
1.8152	0073	0.1237	2.9320
1.9594	0074	0.1237	2.9320
2.1429	0075	0.1224	2.5615
2.2962	0076	0.1224	2.5615
2.4755	0077	0.1224	2.5615
2.6271	0078	0.1224	2.5615
2.7945	0079	0.1224	2.5615
2.9860	0080	0.1224	2.5615
3.1314	0081	0.1224	2.8610
3.2930	0082	0.1224	2.8610
3.4600	0083	0.1224	2.8610
3.6275	0084	0.1224	2.8610
3.7949	0085	0.1224	2.8610
3.9786	0086	0.1226	1.6785
4.1266	0087	0.1226	1.6785
4.2935	0088	0.1226	1.6785
4.4598	0089	0.1226	1.6785
4.6411	0090	0.1226	1.6785
4.8091	0091	0.1226	1.6785
4.9607	0092	0.1226	1.6785
5.1310	0093	0.1201	0.5310
5.2927	0094	0.1201	0.5310
5.4593	0095	0.1201	0.5310
5.6285	0096	0.1201	0.5310
5.7928	0097	0.1201	0.5310
5.9593	0098	0.1261	-1.3755
6.1519	0099	0.1261	-1.3755
6.3125	0100	0.1261	-1.8263
6.4687	0101	0.1261	-1.8263
6.6253	0102	0.1261	-1.8263
6.7960	0103	0.1261	-1.8263
6.9597	0104	0.1245	-0.9623
7.1420	0105	0.1245	-0.9623
7.2939	0106	0.1245	-0.3412
7.4750	0107	0.1245	-0.3412
7.6286	0108	0.1245	-0.3412
7.7925	0109	0.1245	-0.3412
7.9651	0110	0.1229	-0.0782
8.1286	0111	0.1229	-2.7992
8.2930	0112	0.1229	-2.7992
8.4597	0113	0.1229	-2.7992
8.6260	0114	0.1229	-2.7992
8.7939	0115	0.1229	-2.7992
8.9589	0116	0.1227	-3.1048
9.0585	0117	0.1227	-3.1048
9.2126	0118	0.1227	-2.7099
9.4165	0119	0.1227	-2.7099
9.5866	0120	0.1227	-2.7099
9.7096	0121	0.1227	-2.7099
9.8769	0122	0.1227	-2.7099
10.0407	0123	0.1246	3.0192
10.2159	0124	0.1246	3.0192
10.3724	0125	0.1246	3.0192
10.5411	0126	0.1246	3.0192
10.7050	0127	0.1246	3.0192
10.8674	0128	0.1246	3.0192
11.0332	0129	0.1211	2.1752
11.2030	0130	0.1211	2.1752
11.3673	0131	0.1211	2.1752
11.5699	0132	0.1211	2.1752
11.6977	0133	0.1211	2.1752
11.8608	0134	0.1211	2.1752
12.0573	0135	0.1233	-3.0684
12.1938	0136	0.1233	-3.0684
12.4000	0137	0.1233	-3.0684
12.5234	0138	0.1233	-3.0684
12.6927	0139	0.1233	-3.0684
12.8553	0140	0.1233	-3.0684
13.0200	0141	0.1233	-2.7938
13.1965	0142	0.1231	-3.0341
13.3850	0143	0.1231	-3.0341
13.5168	0144	0.1231	-3.0341
13.7298	0145	0.1231	-3.0341
13.8475	0146	0.1231	-3.0341
14.0171	0147	0.1092	0.0689
14.2148	0148	0.1092	0.0737
14.3467	0149	0.1092	0.0737
14.5553	0150	0.1092	0.0737
14.7052	0151	0.1092	0.0737
14.8412	0152	0.1092	0.0737
15.0125	0153	0.1052	0.0436
15.1734	0154	0.1052	0.0369
15.3434	0155	0.1052	0.0369
15.5068	0156	0.1052	0.0369
15.6696	0157	0.1052	0.0369
15.8470	0158	0.1052	0.0369
16.0024	0159	0.0978	0.0351
16.1678	0160	0.0978	0.0382
16.3769	0161	0.0978	0.0382
16.4987	0162	0.0978	0.0382
16.6644	0163	0.0978	0.0382
16.8326	0164	0.0978	0.0382
17.0003	0165	0.0872	0.0385
17.2076	0166	0.0872	0.0385
17.3243	0167	0.0872	0.0383
17.4953	0168	0.0872	0.0383
17.6595	0169	0.0872	0.0383
17.8230	0170	0.0872	0.0383
18.0305	0171	0.0713	0.0406
18.2049	0172	0.0713	0.0352
18.3181	0173	0.0713	0.0352
18.4859	0174	0.0713	0.0352
18.6515	0175	0.0713	0.0352
18.8461	0176	0.0713	0.0352
18.9888	0177	0.0836	0.0187
19.1989	0178	0.0836	0.0190
19.3120	0179	0.0836	0.0190
19.5195	0180	0.0836	0.0190
19.6446	0181	0.0836	0.0190
19.8109	0182	0.0836	0.0190
19.9966	0183	0.0892	0.0109
20.1909	0184	0.0892	0.0069
20.3052	0185	0.0892	0.0069
20.5137	0186	0.0892	0.0069
20.6381	0187	0.0892	0.0069
20.8032	0188	0.0892	0.0069
20.9860	0189	0.0892	0.0069
21.1348	0190	0.0892	-0.0020
21.3021	0191	0.0839	0.0025
21.4649	0192	0.0839	0.0025
21.6328	0193	0.0839	0.0025
21.7976	0194	0.0839	0.0025
21.9642	0195	0.0804	0.0041
22.1292	0196	0.0804	-0.0069
22.2931	0197	0.0804	-0.0069
22.4574	0198	0.0804	-0.0069
22.6254	0199	0.0804	-0.0069
22.7919	0200	0.0804	-0.0069
22.9953	0201	0.0732	-0.0011
23.1240	0202	0.0732	0.0075
23.2910	0203	0.0732	0.0075
23.4576	0204	0.0732	0.0075
23.6265	0205	0.0732	0.0075
23.8109	0206	0.0732	0.0075
24.0020	0207	0.0679	0.0092
24.1245	0208	0.0679	0.0155
24.2908	0209	0.0679	0.0155
24.4688	0210	0.0679	0.0155
24.6254	0211	0.0679	0.0155
24.7909	0212	0.0679	0.0155
24.9584	0213	0.0516	0.0219
25.1589	0214	0.0516	0.0219
25.2935	0215	0.0516	0.0219
25.4582	0216	0.0516	0.0236
25.6261	0217	0.0516	0.0236
25.7918	0218	0.0516	0.0236
25.9648	0219	0.0366	0.0272
26.1412	0220	0.0366	0.0313
26.2917	0221	0.0366	0.0313
26.4610	0222	0.0366	0.0313
26.6250	0223	0.0366	0.0313
26.8035	0224	0.0366	0.0313
26.9579	0225	0.0232	0.0328
27.1522	0226	0.0232	0.0361
27.3066	0227	0.0232	0.0361
27.4759	0228	0.0232	0.0361
27.6260	0229	0.0232	0.0361
27.8037	0230	0.0232	0.0361
27.9581	0231	0.0177	0.0321
28.1464	0232	0.0177	0.0357
28.2903	0233	0.0177	0.0357
28.4575	0234	0.0177	0.0357
28.6249	0235	0.0177	0.0357
28.7908	0236	0.0177	0.0357
28.9581	0237	-0.0039	0.0410
29.1263	0238	-0.0039	0.0395
29.2922	0239	-0.0039	0.0395
29.4599	0240	-0.0039	0.0395
29.6237	0241	-0.0039	0.0395
29.7984	0242	-0.0039	0.0395
29.9589	0243	-0.0039	0.0395
30.1261	0244	-0.0071	0.0318
30.2953	0245	-0.0071	0.0318
30.4570	0246	-0.0071	0.0318
30.6253	0247	-0.0071	0.0318
30.8137	0248	-0.0071	0.0318
30.9779	0249	-0.0071	0.0318
31.1406	0250	0.0082	0.0337
31.2924	0251	0.0082	0.0337
31.4576	0252	0.0082	0.0337
31.6259	0253	0.0082	0.0337
31.7913	0254	0.0082	0.0337
31.9751	0255	0.0082	0.0337
32.1364	0256	0.0134	0.0253
32.3073	0257	0.0134	0.0253
32.4585	0258	0.0134	0.0253
32.6334	0259	0.0134	0.0253
32.7920	0260	0.0134	0.0253
32.9714	0261	0.0134	0.0253
33.1391	0262	-0.0051	0.0225
33.2912	0263	-0.0051	0.0225
33.4571	0264	-0.0051	0.0225
33.6256	0265	-0.0051	0.0225
33.7907	0266	-0.0051	0.0225
33.9624	0267	-0.0116	0.0219
34.1258	0268	-0.0116	0.0219
34.2920	0269	-0.0116	0.0245
34.3833	0270	-0.0116	0.0245
34.5439	0271	-0.0116	0.0245
34.7116	0272	-0.0116	0.0245
34.8961	0273	-0.0116	0.0245
35.0406	0274	-0.0242	0.0266
35.2098	0275	-0.0242	0.0232
35.3772	0276	-0.0242	0.0232
35.5905	0277	-0.0242	0.0232
35.7032	0278	-0.0242	0.0232
35.8707	0279	-0.0242	0.0232
36.0359	0280	-0.0256	0.0197
36.2003	0281	-0.0256	0.0285
36.3688	0282	-0.0256	0.0285
36.5847	0283	-0.0256	0.0285
36.6965	0284	-0.0256	0.0285
36.8637	0285	-0.0256	0.0285
37.0281	0286	-0.0256	0.0285
37.1978	0287	-0.0256	0.0201
37.3634	0288	-0.0256	0.0201
37.5256	0289	-0.0250	0.0146
37.6922	0290	-0.0250	0.0146
37.8551	0291	-0.0250	0.0146
38.0238	0292	-0.0378	-0.0276
38.2331	0293	-0.0378	-0.0276
38.3579	0294	-0.0378	-0.0276
38.5177	0295	-0.0378	-0.0276
38.7253	0296	-0.0378	-0.0276
38.8478	0297	-0.0378	-0.0276
39.0469	0298	-0.0266	-0.0287
39.1849	0299	-0.0266	-0.0324
39.3548	0300	-0.0266	-0.0324
39.5525	0301	-0.0266	-0.0324
39.6760	0302	-0.0266	-0.0324
39.8830	0303	-0.0266	-0.0324
40.0092	0304	-0.0168	-0.0314
40.1793	0305	-0.0168	-0.0282
40.3826	0306	-0.0168	-0.0282
40.5375	0307	-0.0168	-0.0282
40.7096	0308	-0.0168	-0.0282
40.8367	0309	-0.0168	-0.0282
41.0043	0310	-0.0168	-0.0282
41.1684	0311	-0.0027	-0.0312
41.3342	0312	-0.0027	-0.0312
41.5358	0313	-0.0027	-0.0312
41.6658	0314	-0.0027	-0.0260
41.8292	0315	-0.0027	-0.0260
41.9957	0316	-0.0027	-0.0260
42.1640	0317	0.0036	-0.0306
42.3278	0318	0.0036	-0.0306
42.5263	0319	0.0036	-0.0306
42.6599	0320	0.0036	-0.0306
42.8257	0321	0.0036	-0.0306
43.0317	0322	0.0138	-0.0319
43.1544	0323	0.0138	-0.0315
43.3202	0324	0.0138	-0.0315
43.5276	0325	0.0138	-0.0315
43.6527	0326	0.0138	-0.0315
43.8194	0327	0.0138	-0.0315
43.9983	0328	0.0206	-0.0310
44.1785	0329	0.0206	-0.0319
44.3550	0330	0.0206	-0.0319
44.4812	0331	0.0206	-0.0319
44.6493	0332	0.0206	-0.0319
44.8100	0333	0.0206	-0.0319
44.9830	0334	0.0117	-0.0200
45.1913	0335	0.0117	-0.0200
45.3146	0336	0.0117	-0.0131
45.4714	0337	0.0117	-0.0131
45.6519	0338	0.0117	-0.0131
45.8079	0339	0.0117	-0.0131
45.9961	0340	0.0166	-0.0143
46.1343	0341	0.0166	-0.0143
46.3007	0342	0.0166	-0.0129
46.4650	0343	0.0166	-0.0129
46.6320	0344	0.0166	-0.0129
46.7984	0345	0.0166	-0.0129
47.0240	0346	0.0384	-0.0282
47.1302	0347	0.0384	-0.0253
47.3329	0348	0.0384	-0.0253
47.4608	0349	0.0384	-0.0253
47.6264	0350	0.0384	-0.0253
47.7960	0351	0.0384	-0.0253
47.9981	0352	0.0413	-0.0225
48.1685	0353	0.0413	-0.0212
48.2904	0354	0.0413	-0.0212
48.4573	0355	0.0413	-0.0212
48.6393	0356	0.0413	-0.0212
48.7917	0357	0.0413	-0.0212
48.9925	0358	0.0404	-0.0171
49.1271	0359	0.0404	-0.0317
49.3281	0360	0.0404	-0.0317
49.4795	0361	0.0404	-0.0317
49.6247	0362	0.0404	-0.0317
49.8259	0363	0.0404	-0.0317
49.9869	0364	0.0358	0.0177
50.1368	0365	0.0358	0.0164
50.2903	0366	0.0358	0.0164
50.4578	0367	0.0358	0.0164
50.6243	0368	0.0358	0.0164
50.8188	0369	0.0358	0.0164
50.9571	0370	0.0232	0.0217
51.1566	0371	0.0232	0.0374
51.2904	0372	0.0232	0.0374
51.4577	0373	0.0232	0.0374
51.6240	0374	0.0232	0.0374
51.7924	0375	0.0232	0.0374
51.9591	0376	0.0137	0.0352
52.1239	0377	0.0137	0.0361
52.3059	0378	0.0137	0.0361
52.4740	0379	0.0137	0.0361
52.6242	0380	0.0137	0.0361
52.7941	0381	0.0137	0.0361
52.9782	0382	0.0208	0.0235
53.1244	0383	0.0208	0.0202
53.2920	0384	0.0208	0.0202
53.4583	0385	0.0208	0.0202
53.6285	0386	0.0280	0.0117
53.7978	0387	0.0280	0.0117
53.9604	0388	0.0280	0.0117
54.1433	0389	0.0280	0.0058
54.3079	0390	0.0280	0.0058
54.4571	0391	0.0280	0.0058
54.6261	0392	0.0280	0.0058
54.8095	0393	0.0280	0.0058
54.9587	0394	-0.0161	-0.0323
55.1276	0395	-0.0161	-0.0417
55.2946	0396	-0.0161	-0.0417
55.4584	0397	-0.0161	-0.0417
55.6251	0398	-0.0161	-0.0417
55.8121	0399	-0.0161	-0.0417
55.9571	0400	-0.0097	-0.0371
56.1261	0401	-0.0097	-0.0454
56.2921	0402	-0.0097	-0.0454
56.4628	0403	-0.0097	-0.0454
56.6247	0404	-0.0097	-0.0454
56.7976	0405	-0.0097	-0.0454
56.9582	0406	-0.0045	-0.0392
57.1327	0407	-0.0045	-0.0357
57.2920	0408	-0.0045	-0.0357
57.4571	0409	-0.0045	-0.0357
57.6293	0410	-0.0045	-0.0357
57.7969	0411	-0.0045	-0.0298
57.9585	0412	0.0259	-0.0453
58.1264	0413	0.0259	-0.0453
58.3091	0414	0.0259	-0.0453
58.4584	0415	0.0259	-0.0453
58.6247	0416	0.0259	-0.0453
58.7922	0417	0.0259	-0.0453
58.9597	0418	0.0353	-0.0415
59.1290	0419	0.0353	-0.0380
59.2908	0420	0.0353	-0.0380
59.4580	0421	0.0353	-0.0380
59.6369	0422	0.0353	-0.0380
59.7116	0423	0.0353	-0.0380
59.8889	0424	0.0353	-0.0380
60.0796	0425	0.0462	-0.0109
60.2111	0426	0.0462	-0.0109
60.3891	0427	0.0462	-0.0109
60.5500	0428	0.0462	-0.0109
60.7354	0429	0.0462	-0.0109
60.8699	0430	0.0462	-0.0109
61.0747	0431	0.0406	-0.0111
61.2024	0432	0.0406	-0.0111
61.3863	0433	0.0406	-0.0111
61.5367	0434	0.0406	-0.0111
61.7007	0435	0.0406	-0.0111
61.8653	0436	0.0406	-0.0111
62.0348	0437	0.0453	0.0002
62.1996	0438	0.0453	0.0002
62.3710	0439	0.0453	0.0002
62.5275	0440	0.0453	0.0002
62.7020	0441	0.0453	0.0002
62.8973	0442	0.0453	0.0002
63.0252	0443	0.0311	0.0091
63.2271	0444	0.0311	0.0091
63.3579	0445	0.0311	0.0091
63.5668	0446	0.0311	0.0091
63.6861	0447	0.0311	0.0091
63.8505	0448	0.0311	0.0091
64.0178	0449	0.0267	0.0099
64.1871	0450	0.0267	0.0142
64.3938	0451	0.0267	0.0142
64.5534	0452	0.0267	0.0142
64.6809	0453	0.0267	0.0142
64.8454	0454	0.0267	0.0142
65.0122	0455	0.0266	0.0114
65.1855	0456	0.0266	0.0102
65.3418	0457	0.0266	0.0102
65.5368	0458	0.0266	0.0102
65.6736	0459	0.0266	0.0102
65.8394	0460	0.0266	0.0102
66.0035	0461	0.0289	0.0068
66.2021	0462	0.0289	0.0119
66.3342	0463	0.0289	0.0119
66.4999	0464	0.0289	0.0119
66.6964	0465	0.0289	0.0119
66.8314	0466	0.0289	0.0119
67.0065	0467	0.0178	0.0160
67.1621	0468	0.0178	0.0097
67.3278	0469	0.0178	0.0097
67.4938	0470	0.0178	0.0097
67.6816	0471	0.0178	0.0097
67.8262	0472	0.0178	0.0097
68.0150	0473	-0.0008	0.0186
68.1562	0474	-0.0008	0.0200
68.3268	0475	-0.0008	0.0200
68.5058	0476	-0.0008	0.0200
68.6550	0477	-0.0008	0.0200
68.8533	0478	-0.0008	0.0200
68.9880	0479	-0.0011	0.0162
69.1593	0480	-0.0011	0.0203
69.3167	0481	-0.0011	0.0203
69.4823	0482	-0.0011	0.0203
69.6469	0483	-0.0011	0.0203
69.8162	0484	0.0045	0.0156
70.0283	0485	0.0045	0.0156
70.1451	0486	0.0045	0.0202
70.3109	0487	0.0045	0.0202
70.5195	0488	0.0045	0.0202
70.6398	0489	0.0045	0.0202
70.8075	0490	0.0045	0.0202
70.9738	0491	0.0050	0.0157
71.1457	0492	0.0050	0.0103
71.3036	0493	0.0050	0.0103
71.4684	0494	0.0050	0.0103
71.6392	0495	0.0050	0.0103
71.7983	0496	0.0050	0.0103
72.0006	0497	0.0012	0.0097
72.1309	0498	0.0012	-0.0015
72.2980	0499	0.0012	-0.0015
72.4627	0500	0.0012	-0.0015
72.6302	0501	0.0012	-0.0015
72.8365	0502	0.0012	-0.0015
72.9620	0503	-0.0048	0.0023
73.1761	0504	-0.0048	0.0026
73.2919	0505	-0.0048	0.0026
73.4588	0506	-0.0048	0.0026
73.6268	0507	-0.0048	0.0026
73.7925	0508	-0.0048	0.0026
73.9731	0509	0.0011	0.0025
74.1613	0510	0.0011	0.0025
74.2920	0511	0.0011	0.0025
74.4581	0512	0.0011	0.0025
74.6260	0513	0.0011	0.0025
74.7922	0514	0.0011	0.0025
74.9920	0515	-0.0043	0.0051
75.1258	0516	-0.0043	0.0069
75.2918	0517	-0.0043	0.0069
75.4584	0518	-0.0043	0.0069
75.6260	0519	-0.0043	0.0069
75.7966	0520	-0.0043	0.0069
75.9588	0521	0.0039	0.0036
76.1482	0522	0.0039	-0.0019
76.2920	0523	0.0039	-0.0019
76.4589	0524	0.0039	-0.0019
76.6295	0525	0.0039	-0.0019
76.7927	0526	0.0039	-0.0019
76.9582	0527	0.0026	0.0059
77.1441	0528	0.0026	0.0034
77.2922	0529	0.0026	0.0034
77.4594	0530	0.0026	0.0034
77.6254	0531	0.0026	0.0034
77.7919	0532	0.0026	0.0034
77.9590	0533	-0.0063	-0.0039
78.1270	0534	-0.0063	0.0054
78.2924	0535	-0.0063	0.0054
78.4592	0536	-0.0063	0.0054
78.6280	0537	-0.0063	0.0054
78.7930	0538	-0.0063	0.0054
78.9667	0539	0.0042	0.0111
79.1256	0540	0.0042	0.0114
79.2931	0541	0.0042	0.0114
79.4592	0542	0.0042	0.0114
79.6261	0543	0.0042	0.0114
79.8104	0544	0.0042	0.0114
79.9590	0545	0.0002	0.0260
80.1421	0546	0.0002	0.0270
80.3061	0547	0.0002	0.0270
80.4587	0548	0.0002	0.0270
80.6272	0549	0.0002	0.0270
80.8023	0550	0.0002	0.0270
80.9588	0551	-0.0068	0.0141
81.1272	0552	-0.0068	0.0069
81.2926	0553	-0.0068	0.0069
81.4585	0554	-0.0068	0.0069
81.6263	0555	-0.0068	0.0069
81.7932	0556	-0.0068	0.0069
81.9623	0557	-0.0160	0.0109
82.1252	0558	-0.0160	0.0289
82.2991	0559	-0.0160	0.0289
82.4593	0560	-0.0160	0.0289
82.6287	0561	-0.0160	0.0289
82.7944	0562	-0.0160	0.0289
82.9591	0563	-0.0038	0.0164
83.1263	0564	-0.0038	0.0059
83.2969	0565	-0.0038	0.0059
83.4611	0566	-0.0038	0.0059
83.6254	0567	-0.0038	0.0059
83.7932	0568	-0.0038	0.0059
83.9619	0569	-0.0038	0.0059
84.1287	0570	-0.0099	0.0077
84.2950	0571	-0.0099	0.0077
84.4595	0572	-0.0099	0.0077
84.6290	0573	-0.0099	0.0077
84.7930	0574	-0.0099	0.0077
84.8812	0575	-0.0099	0.0077
85.0676	0576	0.0004	-0.0053
85.2134	0577	0.0004	-0.0053
85.3840	0578	0.0004	-0.0053
85.5474	0579	0.0004	-0.0053
85.7207	0580	0.0004	-0.0053
85.8739	0581	0.0004	-0.0053
86.0391	0582	-0.0139	-0.0015
86.2434	0583	-0.0139	-0.0015
86.3727	0584	-0.0139	-0.0015
86.5361	0585	-0.0139	-0.0015
86.7047	0586	-0.0139	-0.0015
86.8673	0587	-0.0139	-0.0015
87.0330	0588	-0.0253	0.0154
87.1990	0589	-0.0253	0.0154
87.3716	0590	-0.0253	0.0154
87.5580	0591	-0.0253	0.0154
87.6978	0592	-0.0253	0.0154
87.8627	0593	-0.0253	0.0154
88.0606	0594	-0.0259	0.0127
88.1970	0595	-0.0259	0.0115
88.3651	0596	-0.0259	0.0115
88.5278	0597	-0.0259	0.0115
88.7249	0598	-0.0259	0.0115
88.8589	0599	-0.0259	0.0115
89.0199	0600	-0.0319	-0.0028
89.2021	0601	-0.0319	0.0085
89.3567	0602	-0.0319	0.0085
89.5193	0603	-0.0319	0.0085
89.6815	0604	-0.0319	0.0085
89.8469	0605	-0.0319	0.0085
90.0145	0606	-0.0281	0.0046
90.1878	0607	-0.0281	-0.0001
90.3468	0608	-0.0281	-0.0001
90.5112	0609	-0.0281	-0.0001
90.7154	0610	-0.0281	-0.0001
90.8408	0611	-0.0281	-0.0001
91.0549	0612	-0.0210	-0.0041
91.1725	0613	-0.0210	-0.0089
91.3492	0614	-0.0210	-0.0089
91.5462	0615	-0.0210	-0.0089
91.6688	0616	-0.0210	-0.0089
91.8379	0617	-0.0210	-0.0089
92.0032	0618	-0.0211	-0.0071
92.2097	0619	-0.0211	-0.0047
92.3340	0620	-0.0211	-0.0047
92.4987	0621	-0.0211	-0.0047
92.6804	0622	-0.0211	-0.0047
92.8391	0623	-0.0211	-0.0047
92.9968	0624	-0.0252	-0.0014
93.1601	0625	-0.0252	-0.0048
93.3563	0626	-0.0252	-0.0048
93.4913	0627	-0.0252	-0.0048
93.6578	0628	-0.0252	-0.0048
93.8254	0629	-0.0252	-0.0048
93.9907	0630	-0.0216	-0.0060
94.1535	0631	-0.0216	-0.0047
94.3417	0632	-0.0216	-0.0047
94.5287	0633	-0.0216	-0.0047
94.6530	0634	-0.0216	-0.0047
94.8172	0635	-0.0216	-0.0047
94.9841	0636	0.0007	-0.0171
95.1555	0637	0.0007	-0.0162
95.3118	0638	0.0007	-0.0162
95.4789	0639	0.0007	-0.0162
95.6455	0640	0.0007	-0.0162
95.8092	0641	0.0007	-0.0162
95.9830	0642	-0.0013	-0.0117
96.1398	0643	-0.0013	-0.0148
96.3065	0644	-0.0013	-0.0148
96.4890	0645	-0.0013	-0.0148
96.6380	0646	-0.0013	-0.0148
96.8046	0647	-0.0013	-0.0148
96.9734	0648	0.0125	-0.0198
97.1331	0649	0.0125	-0.0281
97.3128	0650	0.0125	-0.0281
97.5058	0651	0.0125	-0.0281
97.6334	0652	0.0125	-0.0281
97.8017	0653	0.0125	-0.0281
97.9981	0654	0.0229	-0.0283
98.1725	0655	0.0229	-0.0325
98.3343	0656	0.0229	-0.0325
98.4617	0657	0.0229	-0.0325
98.6301	0658	0.0229	-0.0325
98.7967	0659	0.0229	-0.0325
98.9603	0660	0.0157	-0.0217
99.1272	0661	0.0157	-0.0107
99.2939	0662	0.0157	-0.0107
99.4722	0663	0.0157	-0.0107
99.6266	0664	0.0157	-0.0107
99.7948	0665	0.0157	-0.0107
99.9604	0666	0.0157	-0.0107
100.1284	0667	0.0157	-0.0161
100.3087	0668	0.0165	-0.0127
100.4598	0669	0.0165	-0.0127
100.6284	0670	0.0165	-0.0127
100.8299	0671	0.0165	-0.0127
100.9615	0672	0.0294	-0.0178
101.1629	0673	0.0294	-0.0123
101.2936	0674	0.0294	-0.0123
101.4608	0675	0.0294	-0.0123
101.6498	0676	0.0294	-0.0123
101.7958	0677	0.0294	-0.0123
101.9612	0678	0.0303	-0.0104
102.1299	0679	0.0303	-0.0054
102.2945	0680	0.0303	-0.0054
102.4606	0681	0.0303	-0.0054
102.6279	0682	0.0303	-0.0054
102.8218	0683	0.0303	-0.0054
102.9617	0684	0.0353	-0.0073
103.1300	0685	0.0353	-0.0144
103.2935	0686	0.0353	-0.0144
103.4604	0687	0.0353	-0.0144
103.6271	0688	0.0353	-0.0144
103.8096	0689	0.0353	-0.0144
103.9798	0690	0.0330	0.0189
104.1284	0691	0.0330	0.0189
104.2949	0692	0.0330	0.0189
104.4607	0693	0.0330	0.0154
104.6292	0694	0.0330	0.0154
104.7962	0695	0.0330	0.0154
104.9616	0696	0.0312	0.0133
105.1321	0697	0.0312	0.0174
105.2944	0698	0.0312	0.0174
105.4615	0699	0.0312	0.0174
105.6281	0700	0.0312	0.0174
105.8004	0701	0.0312	0.0174
105.9853	0702	0.0116	0.0252
106.1293	0703	0.0116	0.0234
106.2966	0704	0.0116	0.0234
106.4614	0705	0.0116	0.0234
106.6335	0706	0.0116	0.0234
106.8086	0707	0.0116	0.0234
106.9611	0708	0.0120	0.0186
107.1349	0709	0.0120	0.0181
107.3081	0710	0.0120	0.0181
107.4617	0711	0.0120	0.0181
107.6289	0712	0.0120	0.0181
107.8041	0713	0.0120	0.0181
107.9614	0714	0.0010	0.0208
108.1477	0715	0.0010	0.0232
108.2943	0716	0.0010	0.0232
108.4758	0717	0.0010	0.0232
108.6303	0718	0.0010	0.0232
108.8096	0719	0.0010	0.0232
108.9819	0720	-0.0140	0.0273
109.1435	0721	-0.0140	0.0330
109.2946	0722	-0.0140	0.0330
109.4617	0723	-0.0140	0.0330
109.6280	0724	-0.0140	0.0330
109.8023	0725	-0.0140	0.0330
109.9616	0726	-0.0141	0.0265
110.1280	0727	-0.0141	0.0188
110.2168	0728	-0.0141	0.0188
110.4278	0729	-0.0141	0.0188
110.5488	0730	-0.0141	0.0188
110.7146	0731	-0.0141	0.0188
110.9181	0732	0.0142	0.0339
111.0439	0733	0.0142	0.0389
111.2140	0734	0.0142	0.0389
111.3779	0735	0.0142	0.0389
111.5689	0736	0.0142	0.0389
111.7087	0737	0.0142	0.0389
111.8719	0738	0.0142	0.0389
112.0454	0739	0.0128	0.0282
112.2025	0740	0.0128	0.0282
112.3694	0741	0.0128	0.0282
112.5794	0742	0.0128	0.0282
112.6996	0743	0.0128	0.0282
112.9131	0744	0.0128	0.0282
113.0319	0745	-0.0036	-0.0310
113.1974	0746	-0.0036	-0.0310
113.3746	0747	-0.0036	-0.0310
113.5298	0748	-0.0036	-0.0310
113.7320	0749	-0.0036	-0.0310
113.8602	0750	-0.0036	-0.0310
114.0252	0751	-0.0036	-0.0309
114.1930	0752	0.0008	0.0187
114.3662	0753	0.0008	0.0187
114.5234	0754	0.0008	0.0187
114.6886	0755	0.0008	0.0187
114.8515	0756	0.0008	0.0187
115.0195	0757	0.0008	0.0127
115.1929	0758	0.0013	-0.0244
115.3486	0759	0.0013	-0.0244
115.5192	0760	0.0013	-0.0244
115.7034	0761	0.0013	-0.0244
115.8646	0762	0.0013	-0.0244
116.0125	0763	0.0013	-0.0244
116.1905	0764	0.0013	-0.0185
116.3451	0765	0.0013	-0.0185
116.5131	0766	0.0060	-0.0174
116.6736	0767	0.0060	-0.0174
116.8384	0768	0.0060	-0.0174
117.0289	0769	0.0212	-0.0229
117.1747	0770	0.0212	-0.0182
117.3381	0771	0.0212	-0.0182
117.5063	0772	0.0212	-0.0182
117.6839	0773	0.0212	-0.0182
117.8338	0774	0.0212	-0.0182
118.0016	0775	0.0282	-0.0185
118.1767	0776	0.0282	-0.0185
118.3291	0777	0.0282	-0.0193
118.4951	0778	0.0282	-0.0193
118.6935	0779	0.0282	-0.0193
118.8572	0780	0.0282	-0.0193
118.9979	0781	-0.0270	-0.0117
119.1596	0782	-0.0270	-0.0117
119.3430	0783	-0.0270	-0.0187
119.4881	0784	-0.0270	-0.0187
119.6535	0785	-0.0270	-0.0187
119.8227	0786	-0.0270	-0.0187
119.9958	0787	-0.0243	-0.0165
120.2035	0788	-0.0243	-0.0165
120.3162	0789	-0.0243	-0.0165
120.4824	0790	-0.0243	-0.0165
120.6482	0791	-0.0243	-0.0206
120.8132	0792	-0.0243	-0.0206
120.9809	0793	-0.0093	-0.0255
121.1774	0794	-0.0093	-0.0242
121.3109	0795	-0.0093	-0.0242
121.5013	0796	-0.0093	-0.0242
121.6410	0797	-0.0093	-0.0242
121.8103	0798	-0.0093	-0.0242
122.0143	0799	-0.0160	-0.0153
122.1380	0800	-0.0160	-0.0177
122.3050	0801	-0.0160	-0.0177
122.4692	0802	-0.0160	-0.0177
122.6365	0803	-0.0160	-0.0177
122.8100	0804	-0.0160	-0.0177
122.9709	0805	0.0025	-0.0251
123.1822	0806	0.0025	-0.0217
123.2983	0807	0.0025	-0.0217
123.4662	0808	0.0025	-0.0217
123.6544	0809	0.0025	-0.0217
123.8009	0810	0.0025	-0.0217
124.0038	0811	-0.0138	-0.0094
124.1294	0812	-0.0138	-0.0141
124.2982	0813	-0.0138	-0.0141
124.4637	0814	-0.0138	-0.0141
124.6323	0815	-0.0138	-0.0141
124.7974	0816	-0.0138	-0.0141
124.9631	0817	-0.0144	-0.0252
125.1326	0818	-0.0144	-0.0206
125.2993	0819	-0.0144	-0.0206
125.4674	0820	-0.0144	-0.0206
125.6339	0821	-0.0144	-0.0206
125.8232	0822	-0.0144	-0.0206
125.9663	0823	0.0141	-0.0134
126.1313	0824	0.0141	-0.0217
126.2961	0825	0.0141	-0.0217
126.4628	0826	0.0141	-0.0217
126.6302	0827	0.0141	-0.0217
126.7991	0828	0.0141	-0.0217
126.9876	0829	0.0118	-0.0161
127.1294	0830	0.0118	-0.0067
127.2972	0831	0.0118	-0.0067
127.4815	0832	0.0118	-0.0067
127.6316	0833	0.0118	-0.0067
127.8262	0834	0.0118	-0.0067
127.9632	0835	-0.0168	-0.0088
128.1523	0836	-0.0168	0.0003
128.3104	0837	-0.0168	0.0003
128.4635	0838	-0.0168	0.0003
128.6327	0839	-0.0168	0.0003
128.7988	0840	-0.0168	0.0003
128.9791	0841	0.0001	-0.0097
129.1482	0842	0.0001	-0.0108
129.3135	0843	0.0001	-0.0108
129.4632	0844	0.0001	-0.0108
129.6494	0845	0.0001	-0.0108
129.8177	0846	0.0001	-0.0108
129.9635	0847	0.0055	-0.0117
130.1313	0848	0.0055	-0.0203
130.2977	0849	0.0055	-0.0203
130.4658	0850	0.0055	-0.0203
130.6327	0851	0.0055	-0.0203
130.7972	0852	0.0055	-0.0203
130.9828	0853	0.0023	-0.0143
131.1436	0854	0.0023	-0.0199
131.2984	0855	0.0023	-0.0199
131.4657	0856	0.0023	-0.0199
131.6327	0857	0.0023	-0.0199
131.8071	0858	0.0023	-0.0199
131.9682	0859	0.0081	-0.0191
132.1669	0860	0.0081	-0.0183
132.2979	0861	0.0081	-0.0183
132.4641	0862	0.0081	-0.0183
132.6357	0863	0.0051	-0.0128
132.8183	0864	0.0051	-0.0128
132.9637	0865	0.0051	-0.0128
133.1306	0866	0.0051	-0.0036
133.3130	0867	0.0051	-0.0036
133.4647	0868	0.0051	-0.0036
133.6341	0869	0.0051	-0.0036
133.8088	0870	0.0051	-0.0036
133.9834	0871	0.0114	-0.0064
134.1305	0872	0.0114	-0.0042
134.2984	0873	0.0114	-0.0042
134.4838	0874	0.0114	-0.0042
134.6319	0875	0.0114	-0.0042
134.7994	0876	0.0114	-0.0042
134.9865	0877	0.0015	0.0023
135.1320	0878	0.0015	0.0006
135.2996	0879	0.0015	0.0006
135.3887	0880	0.0015	0.0006
135.6053	0881	0.0015	0.0006
135.7544	0882	0.0015	0.0006
135.8819	0883	0.0015	0.0006
136.0800	0884	0.0073	0.0238
136.2139	0885	0.0073	0.0238
136.3843	0886	0.0073	0.0238
136.5467	0887	0.0073	0.0238
136.7125	0888	0.0073	0.0194
136.8765	0889	0.0073	0.0194
137.0415	0890	0.0020	0.0183
137.2079	0891	0.0020	0.0183
137.3789	0892	0.0020	0.0183
137.5378	0893	0.0020	0.0183
137.7347	0894	0.0020	0.0183
137.8853	0895	0.0020	0.0183
138.0366	0896	-0.0075	0.0227
138.2413	0897	-0.0075	0.0227
138.3677	0898	-0.0075	0.0227
138.5757	0899	-0.0075	0.0227
138.6967	0900	-0.0075	0.0227
138.8626	0901	-0.0075	0.0227
139.0433	0902	-0.0094	0.0097
139.2482	0903	-0.0094	0.0097
139.3675	0904	-0.0094	0.0097
139.5303	0905	-0.0094	0.0097
139.6929	0906	-0.0094	0.0097
139.8558	0907	-0.0094	0.0097
140.0234	0908	-0.0007	0.0107
140.1910	0909	-0.0007	0.0172
140.3586	0910	-0.0007	0.0172
140.5199	0911	-0.0007	0.0172
140.7237	0912	-0.0007	0.0172
140.8501	0913	-0.0007	0.0172
141.0186	0914	0.0072	0.0093
141.1917	0915	0.0072	0.0096
141.3482	0916	0.0072	0.0096
141.5145	0917	0.0072	0.0096
141.6775	0918	0.0072	0.0096
141.8456	0919	0.0072	0.0096
142.0587	0920	0.0024	0.0105
142.1784	0921	0.0024	0.0079
142.3886	0922	0.0024	0.0079
142.5064	0923	0.0024	0.0079
142.6732	0924	0.0024	0.0079
142.8441	0925	0.0024	0.0079
143.0241	0926	0.0077	0.0032
143.2267	0927	0.0077	0.0045
143.3347	0928	0.0077	0.0045
143.5018	0929	0.0077	0.0045
143.6715	0930	0.0077	0.0045
143.8417	0931	0.0077	0.0045
144.0432	0932	-0.0009	0.0086
144.1618	0933	-0.0009	0.0001
144.3299	0934	-0.0009	0.0001
144.5315	0935	-0.0009	0.0001
144.6599	0936	-0.0009	0.0001
144.8263	0937	-0.0009	0.0001
145.0466	0938	0.0073	0.0080
145.1586	0939	0.0073	0.0150
145.3705	0940	0.0073	0.0150
145.4887	0941	0.0073	0.0150
145.6523	0942	0.0073	0.0150
145.8198	0943	0.0073	0.0150
145.9851	0944	-0.0013	0.0169
146.1508	0945	-0.0013	0.0169
146.3184	0946	-0.0013	0.0169
146.4796	0947	-0.0013	0.0169
146.6457	0948	-0.0013	0.0169
146.8109	0949	-0.0013	0.0169
146.9938	0950	-0.0141	0.0209
147.1890	0951	-0.0141	0.0292
147.3097	0952	-0.0141	0.0292
147.4762	0953	-0.0141	0.0292
147.6397	0954	-0.0141	0.0292
147.8077	0955	-0.0141	0.0292
147.9889	0956	-0.0087	0.0205
148.1376	0957	-0.0087	0.0187
148.3077	0958	-0.0087	0.0187
148.5113	0959	-0.0087	0.0187
148.6349	0960	-0.0087	0.0187
148.8373	0961	-0.0087	0.0187
148.9662	0962	0.0158	0.0211
149.1333	0963	0.0158	0.0200
149.2998	0964	0.0158	0.0200
149.4664	0965	0.0158	0.0200
149.6337	0966	0.0158	0.0200
149.8020	0967	0.0158	0.0200
149.9659	0968	0.0181	0.0146
150.1338	0969	0.0181	0.0128
150.3124	0970	0.0181	0.0128
150.4780	0971	0.0181	0.0128
150.6338	0972	0.0181	0.0128
150.8280	0973	0.0181	0.0128
150.9919	0974	0.0174	0.0107
151.1345	0975	0.0174	0.0047
151.3016	0976	0.0174	0.0047
151.4683	0977	0.0174	0.0047
151.6550	0978	0.0174	0.0047
151.8008	0979	0.0174	0.0047
151.9675	0980	0.0043	0.0114
152.1577	0981	0.0043	0.0187
152.3000	0982	0.0043	0.0187
152.4728	0983	0.0043	0.0187
152.6335	0984	0.0043	0.0187
152.8018	0985	0.0043	0.0187
152.9872	0986	-0.0005	0.0177
153.1341	0987	-0.0005	0.0117
153.3018	0988	-0.0005	0.0117
153.4673	0989	-0.0005	0.0117
153.6337	0990	-0.0005	0.0117
153.8017	0991	-0.0005	0.0117
153.9677	0992	-0.0079	0.0137
154.1494	0993	-0.0079	0.0189
154.3002	0994	-0.0079	0.0189
154.4667	0995	-0.0079	0.0189
154.6331	0996	-0.0079	0.0189
154.8011	0997	-0.0079	0.0189
154.9802	0998	0.0015	0.0097
155.1500	0999	0.0015	0.0115
155.3008	1000	0.0015	0.0115
155.4689	1001	0.0015	0.0115
155.6349	1002	0.0015	0.0115
155.8005	1003	0.0015	0.0115
155.9693	1004	0.0022	0.0089
156.1496	1005	0.0022	0.0016
156.3010	1006	0.0022	0.0016
156.4674	1007	0.0022	0.0016
156.6374	1008	0.0022	0.0016
156.8152	1009	0.0022	0.0016
156.9753	1010	-0.0187	-0.0116
157.1375	1011	-0.0187	-0.0189
157.3167	1012	-0.0187	-0.0189
157.4679	1013	-0.0187	-0.0189
157.6405	1014	-0.0187	-0.0189
157.8007	1015	-0.0187	-0.0189
157.9722	1016	-0.0007	0.0002
158.1367	1017	-0.0007	-0.0053
158.3017	1018	-0.0007	-0.0053
158.4671	1019	-0.0007	-0.0053
158.6336	1020	-0.0007	-0.0053
158.8015	1021	-0.0007	-0.0053
158.9783	1022	-0.0070	-0.0006
159.1340	1023	-0.0070	0.0062
159.3004	1024	-0.0070	0.0062
159.4849	1025	-0.0070	0.0062
159.6366	1026	-0.0070	0.0062
159.8022	1027	-0.0070	0.0062
159.9743	1028	-0.0106	0.0070
160.1342	1029	-0.0106	0.0091
160.3171	1030	-0.0106	0.0091
160.4686	1031	-0.0106	0.0091
160.6494	1032	-0.0106	0.0091
160.7263	1033	-0.0106	0.0091
160.8870	1034	-0.0106	0.0091
161.0554	1035	-0.0183	0.0339
161.2417	1036	-0.0183	0.0339
161.3875	1037	-0.0183	0.0339
161.5515	1038	-0.0183	0.0339
161.7217	1039	-0.0183	0.0339
161.8870	1040	-0.0183	0.0339
162.0771	1041	-0.0223	0.0155
162.2139	1042	-0.0223	0.0155
162.4231	1043	-0.0223	0.0155
162.5436	1044	-0.0223	0.0155
162.7122	1045	-0.0223	0.0155
162.8776	1046	-0.0223	0.0155
163.0405	1047	-0.0339	0.0195
163.2091	1048	-0.0339	0.0195
163.3803	1049	-0.0339	0.0195
163.5557	1050	-0.0339	0.0195
163.7018	1051	-0.0339	0.0195
163.8908	1052	-0.0339	0.0195
164.0342	1053	-0.0316	0.0152
164.2226	1054	-0.0316	0.0152
164.3667	1055	-0.0316	0.0152
164.5782	1056	-0.0316	0.0152
164.6977	1057	-0.0316	0.0152
164.8618	1058	-0.0316	0.0152
165.0387	1059	-0.0341	0.0138
165.1987	1060	-0.0341	0.0116
165.3608	1061	-0.0341	0.0116
165.5270	1062	-0.0341	0.0116
165.6918	1063	-0.0341	0.0116
165.8573	1064	-0.0341	0.0116
166.0227	1065	-0.0396	0.0125
166.1895	1066	-0.0396	0.0127
166.3527	1067	-0.0396	0.0127
166.5352	1068	-0.0396	0.0127
166.6832	1069	-0.0396	0.0127
166.8511	1070	-0.0396	0.0127
167.0137	1071	-0.0320	-0.0081
167.1902	1072	-0.0320	-0.0145
167.3893	1073	-0.0320	-0.0145
167.5121	1074	-0.0320	-0.0145
167.7117	1075	-0.0320	-0.0145
167.8470	1076	-0.0320	-0.0145
168.0437	1077	-0.0260	-0.0151
168.1736	1078	-0.0260	-0.0131
168.3698	1079	-0.0260	-0.0131
168.5076	1080	-0.0260	-0.0131
168.6725	1081	-0.0260	-0.0131
168.8370	1082	-0.0260	-0.0131
169.0045	1083	-0.0290	-0.0086
169.2146	1084	-0.0290	-0.0086
169.3322	1085	-0.0290	-0.0086
169.5012	1086	-0.0290	-0.0086
169.6981	1087	-0.0290	-0.0086
169.8341	1088	-0.0290	-0.0086
170.0405	1089	-0.0131	-0.0163
170.1606	1090	-0.0131	-0.0203
170.3689	1091	-0.0131	-0.0203
170.4937	1092	-0.0131	-0.0203
170.6615	1093	-0.0131	-0.0203
170.8549	1094	-0.0131	-0.0203
170.9941	1095	-0.0127	-0.0164
171.2016	1096	-0.0127	-0.0140
171.3221	1097	-0.0127	-0.0140
171.5240	1098	-0.0127	-0.0140
171.6509	1099	-0.0127	-0.0140
171.8185	1100	-0.0127	-0.0140
172.0358	1101	-0.0137	-0.0107
172.1477	1102	-0.0137	-0.0090
172.3159	1103	-0.0137	-0.0090
172.4781	1104	-0.0137	-0.0090
172.6478	1105	-0.0137	-0.0090
172.8128	1106	-0.0137	-0.0090
172.9753	1107	-0.0036	-0.0131
173.1428	1108	-0.0036	-0.0187
173.3416	1109	-0.0036	-0.0187
173.4713	1110	-0.0036	-0.0187
173.6583	1111	-0.0036	-0.0187
173.8064	1112	-0.0036	-0.0187
173.9704	1113	-0.0004	-0.0169
174.1802	1114	-0.0004	-0.0093
174.3011	1115	-0.0004	-0.0093
174.4693	1116	-0.0004	-0.0093
174.6365	1117	-0.0004	-0.0093
174.8068	1118	-0.0004	-0.0093
174.9693	1119	0.0040	-0.0100
175.1358	1120	0.0040	-0.0123
175.3052	1121	0.0040	-0.0123
175.5028	1122	0.0040	-0.0123
175.6368	1123	0.0040	-0.0123
175.8035	1124	0.0040	-0.0123
175.9716	1125	0.0009	-0.0079
176.1640	1126	0.0009	-0.0106
176.3016	1127	0.0009	-0.0106
176.4676	1128	0.0009	-0.0106
176.6358	1129	0.0009	-0.0106
176.8089	1130	0.0009	-0.0106
176.9702	1131	0.0079	-0.0127
177.1587	1132	0.0079	-0.0085
177.3177	1133	0.0079	-0.0085
177.4716	1134	0.0079	-0.0085
177.6365	1135	0.0079	-0.0085
177.8318	1136	0.0079	-0.0085
177.9676	1137	0.0096	-0.0078
178.1349	1138	0.0096	-0.0073
178.3194	1139	0.0096	-0.0073
178.4691	1140	0.0096	-0.0073
178.6365	1141	0.0096	-0.0073
178.8033	1142	0.0096	-0.0073
178.9696	1143	0.0122	-0.0074
179.1339	1144	0.0122	-0.0061
179.3007	1145	0.0122	-0.0061
179.4800	1146	0.0122	-0.0061
179.6483	1147	0.0122	-0.0061
179.8023	1148	0.0122	-0.0061
179.9879	1149	0.0168	-0.0075
180.1347	1150	0.0168	-0.0117
180.3005	1151	0.0168	-0.0117
180.4752	1152	0.0168	-0.0117
180.6339	1153	0.0168	-0.0117
180.8128	1154	0.0168	-0.0117
180.9925	1155	0.0168	-0.0117
181.1360	1156	0.0168	-0.0086
181.3017	1157	0.0058	0.0015
181.4678	1158	0.0058	0.0015
181.6350	1159	0.0058	0.0015
181.8016	1160	0.0058	0.0015
181.9734	1161	0.0019	0.0035
182.1356	1162	0.0019	0.0056
182.3015	1163	0.0019	0.0056
182.4682	1164	0.0019	0.0056
182.6343	1165	0.0019	0.0056
182.8013	1166	0.0019	0.0056
182.9848	1167	0.0051	0.0026
183.1478	1168	0.0051	0.0052
183.3007	1169	0.0051	0.0052
183.4703	1170	0.0051	0.0052
183.6333	1171	0.0051	0.0052
183.8072	1172	0.0051	0.0052
183.9695	1173	0.0035	0.0139
184.1461	1174	0.0035	0.0159
184.3161	1175	0.0035	0.0159
184.4669	1176	0.0035	0.0159
184.6342	1177	0.0035	0.0159
184.8115	1178	0.0035	0.0159
184.9691	1179	0.0127	0.0025
185.1498	1180	0.0127	0.0025
185.2998	1181	0.0127	0.0025
185.4669	1182	0.0127	-0.0051
185.6329	1183	0.0127	-0.0051
185.8011	1184	0.0127	-0.0051
185.8868	1185	0.0127	-0.0051
186.0547	1186	0.0129	-0.0081
186.2184	1187	0.0129	-0.0081
186.4291	1188	0.0129	-0.0081
186.5890	1189	0.0129	-0.0081
186.7143	1190	0.0129	-0.0081
186.9214	1191	0.0129	-0.0081
187.0488	1192	0.0160	-0.0079
187.2122	1193	0.0160	-0.0079
187.3807	1194	0.0160	-0.0079
187.5504	1195	0.0160	-0.0079
187.7120	1196	0.0160	-0.0079
187.8735	1197	0.0160	-0.0079
188.0397	1198	0.0133	0.0063
188.2196	1199	0.0133	0.0063
188.3706	1200	0.0133	0.0063
188.5861	1201	0.0133	0.0063
188.7009	1202	0.0133	0.0063
188.9082	1203	-0.0244	0.0163
189.0336	1204	-0.0244	0.0085
189.2038	1205	-0.0244	0.0085
189.3976	1206	-0.0244	0.0085
189.5799	1207	-0.0244	0.0085
189.6945	1208	-0.0244	0.0085
189.8631	1209	-0.0244	0.0085
190.0529	1210	-0.0188	0.0036
190.2089	1211	-0.0188	-0.0004
190.3699	1212	-0.0188	-0.0004
190.5222	1213	-0.0188	-0.0004
190.7214	1214	-0.0188	-0.0004
190.8532	1215	-0.0188	-0.0004
191.0219	1216	-0.0114	-0.0047
191.1864	1217	-0.0114	-0.0088
191.3531	1218	-0.0114	-0.0088
191.5586	1219	-0.0114	-0.0088
191.7147	1220	-0.0114	-0.0088
191.8505	1221	-0.0114	-0.0088
192.0512	1222	-0.0284	0.0031
192.1809	1223	-0.0284	-0.0032
192.3449	1224	-0.0284	-0.0032
192.5125	1225	-0.0284	-0.0032
192.6771	1226	-0.0284	-0.0032
192.8404	1227	-0.0284	-0.0032
193.0076	1228	-0.0275	0.0023
193.1717	1229	-0.0275	0.0023
193.3382	1230	-0.0275	0.0023
193.5401	1231	-0.0275	0.0023
193.6701	1232	-0.0275	0.0023
193.8363	1233	-0.0275	0.0023
194.0018	1234	-0.0214	-0.0018
194.2151	1235	-0.0214	0.0018
194.3309	1236	-0.0214	0.0018
194.5350	1237	-0.0214	0.0018
194.6621	1238	-0.0214	0.0018
194.8302	1239	-0.0214	0.0018
195.0014	1240	-0.0207	0.0011
195.2072	1241	-0.0207	0.0068
195.3564	1242	-0.0207	0.0068
195.4892	1243	-0.0207	0.0068
195.6569	1244	-0.0207	0.0068
195.8448	1245	-0.0207	0.0068
195.9924	1246	-0.0157	0.0025
196.1980	1247	-0.0157	-0.0093
196.3200	1248	-0.0157	-0.0093
196.5088	1249	-0.0157	-0.0093
196.6714	1250	-0.0157	-0.0093
196.8161	1251	-0.0157	-0.0093
197.0269	1252	-0.0157	-0.0093
197.1442	1253	-0.0157	-0.0115
197.3492	1254	-0.0190	-0.0062
197.4753	1255	-0.0190	-0.0062
197.6504	1256	-0.0190	-0.0062
197.8106	1257	-0.0190	-0.0062
197.9767	1258	-0.0190	-0.0050
198.1830	1259	-0.0190	-0.0017
198.3081	1260	-0.0190	-0.0017
198.4707	1261	-0.0190	-0.0017
198.6412	1262	-0.0190	-0.0017
198.8508	1263	-0.0190	-0.0017
198.9659	1264	-0.0180	-0.0020
199.1360	1265	-0.0180	-0.0020
199.3022	1266	-0.0180	-0.0020
199.4658	1267	-0.0180	-0.0020
199.6329	1268	-0.0180	-0.0020
199.8068	1269	-0.0180	-0.0020
200.0186	1270	-0.0120	-0.0052
200.1306	1271	-0.0120	-0.0028
200.3019	1272	-0.0120	-0.0028
200.4639	1273	-0.0120	-0.0028
200.6326	1274	-0.0120	-0.0028
200.7994	1275	-0.0120	-0.0028
200.9685	1276	-0.0129	-0.0016
201.1330	1277	-0.0129	-0.0016
201.2983	1278	-0.0129	-0.0016
201.4635	1279	-0.0129	-0.0045
201.6300	1280	-0.0129	-0.0045
201.7982	1281	-0.0129	-0.0045
201.9678	1282	-0.0162	-0.0017
202.1574	1283	-0.0162	-0.0021
202.2971	1284	-0.0162	-0.0021
202.4650	1285	-0.0162	-0.0021
202.6572	1286	-0.0162	-0.0021
202.7996	1287	-0.0162	-0.0021
202.9672	1288	-0.0191	0.0000
203.1313	1289	-0.0191	0.0008
203.3111	1290	-0.0191	0.0008
203.4641	1291	-0.0191	0.0008
203.6343	1292	-0.0191	0.0008
203.7985	1293	-0.0191	0.0008
203.9641	1294	-0.0149	-0.0019
204.1448	1295	-0.0149	0.0021
204.2973	1296	-0.0149	0.0021
204.4805	1297	-0.0149	0.0021
204.6324	1298	-0.0149	0.0021
204.7999	1299	-0.0149	0.0021
204.9652	1300	-0.0221	0.0060
205.1324	1301	-0.0221	0.0068
205.3134	1302	-0.0221	0.0068
205.4670	1303	-0.0221	0.0068
205.6344	1304	-0.0221	0.0068
205.8125	1305	-0.0221	0.0068
205.9815	1306	-0.0216	0.0052
206.1304	1307	-0.0216	0.0041
206.2980	1308	-0.0216	0.0041
206.4630	1309	-0.0216	0.0041
206.6313	1310	-0.0216	0.0041
206.7971	1311	-0.0216	0.0041
206.9674	1312	-0.0262	0.0059
207.1312	1313	-0.0262	0.0052
207.2963	1314	-0.0262	0.0052
207.4638	1315	-0.0262	0.0052
207.6309	1316	-0.0262	0.0052
207.7990	1317	-0.0262	0.0052
207.9852	1318	-0.0377	0.0109
208.1347	1319	-0.0377	0.0165
208.2967	1320	-0.0377	0.0165
208.4636	1321	-0.0377	0.0165
208.6316	1322	-0.0377	0.0165
208.7986	1323	-0.0377	0.0165
208.9636	1324	-0.0329	0.0106
209.1395	1325	-0.0329	0.0079
209.3055	1326	-0.0329	0.0079
209.4847	1327	-0.0329	0.0079
209.6337	1328	-0.0329	0.0079
209.8069	1329	-0.0329	0.0079
209.9637	1330	-0.0436	0.0126
210.1306	1331	-0.0436	0.0160
210.2966	1332	-0.0436	0.0160
210.4718	1333	-0.0436	0.0160
210.6323	1334	-0.0436	0.0160
210.7974	1335	-0.0436	0.0160
210.9865	1336	-0.0498	0.0165
211.1518	1337	-0.0498	0.0175
211.2452	1338	-0.0498	0.0175
211.3859	1339	-0.0498	0.0175
211.5538	1340	-0.0498	0.0175
211.7164	1341	-0.0498	0.0175
211.8796	1342	-0.0498	0.0175
212.0443	1343	-0.0308	-0.0053
212.2130	1344	-0.0308	-0.0053
212.3886	1345	-0.0308	-0.0053
212.5760	1346	-0.0308	-0.0053
212.7077	1347	-0.0308	-0.0053
212.8750	1348	-0.0308	-0.0053
213.0722	1349	-0.0308	-0.0021
213.2034	1350	-0.0308	-0.0021
213.3724	1351	-0.0308	-0.0021
213.5442	1352	-0.0334	0.0004
213.7003	1353	-0.0334	0.0004
213.8662	1354	-0.0334	0.0004
214.0356	1355	-0.0398	-0.0028
214.1980	1356	-0.0398	-0.0028
214.3689	1357	-0.0398	-0.0028
214.5308	1358	-0.0398	-0.0028
214.6942	1359	-0.0398	-0.0028
214.8601	1360	-0.0398	-0.0028
215.0265	1361	-0.0368	-0.0096
215.2195	1362	-0.0368	-0.0096
215.3590	1363	-0.0368	-0.0096
215.5241	1364	-0.0368	-0.0096
215.7283	1365	-0.0368	-0.0096
215.8548	1366	-0.0368	-0.0096
216.0493	1367	-0.0360	-0.0082
216.1850	1368	-0.0360	0.0038
216.3520	1369	-0.0360	0.0038
216.5169	1370	-0.0360	0.0038
216.6806	1371	-0.0360	0.0038
216.8467	1372	-0.0360	0.0038
217.0153	1373	-0.0357	-0.0156
217.1791	1374	-0.0357	-0.0156
217.3430	1375	-0.0357	-0.0156
217.5297	1376	-0.0357	-0.0156
217.7104	1377	-0.0357	-0.0165
217.8419	1378	-0.0357	-0.0165
218.0183	1379	-0.0127	-0.0270
218.2181	1380	-0.0127	-0.0339
218.3793	1381	-0.0127	-0.0339
218.5007	1382	-0.0127	-0.0339
218.6675	1383	-0.0127	-0.0339
218.8402	1384	-0.0127	-0.0339
219.0022	1385	-0.0060	-0.0310
219.1657	1386	-0.0060	-0.0317
219.3748	1387	-0.0060	-0.0317
219.4950	1388	-0.0060	-0.0317
219.6603	1389	-0.0060	-0.0317
219.8301	1390	-0.0060	-0.0317
219.9958	1391	0.0085	-0.0338
220.1680	1392	0.0085	-0.0368
220.3230	1393	0.0085	-0.0368
220.4877	1394	0.0085	-0.0368
220.6532	1395	0.0085	-0.0368
220.8201	1396	0.0085	-0.0368
221.0169	1397	0.0112	-0.0309
221.1921	1398	0.0112	-0.0346
221.3175	1399	0.0112	-0.0346
221.4811	1400	0.0112	-0.0346
221.6466	1401	0.0112	-0.0346
221.8171	1402	0.0112	-0.0346
221.9791	1403	0.0103	-0.0271
222.1470	1404	0.0103	-0.0168
222.3352	1405	0.0103	-0.0168
222.4745	1406	0.0103	-0.0168
222.6450	1407	0.0103	-0.0168
222.8062	1408	0.0103	-0.0168
222.9739	1409	0.0125	-0.0145
223.1697	1410	0.0125	-0.0133
223.3048	1411	0.0125	-0.0133
223.5139	1412	0.0125	-0.0133
223.6342	1413	0.0125	-0.0133
223.8482	1414	0.0125	-0.0133
223.9670	1415	0.0110	-0.0098
224.1364	1416	0.0110	-0.0018
224.3020	1417	0.0110	-0.0018
224.4741	1418	0.0110	-0.0018
224.6320	1419	0.0110	-0.0018
224.8430	1420	0.0110	-0.0018
224.9637	1421	0.0148	-0.0037
225.1279	1422	0.0148	-0.0026
225.2944	1423	0.0148	-0.0026
225.4643	1424	0.0148	-0.0026
225.6317	1425	0.0148	-0.0026
225.7991	1426	0.0148	-0.0026
225.9623	1427	0.0154	-0.0024
226.1677	1428	0.0154	-0.0036
226.2942	1429	0.0154	-0.0036
226.4630	1430	0.0154	-0.0036
226.6296	1431	0.0154	-0.0036
226.7972	1432	0.0154	-0.0036
226.9944	1433	0.0119	-0.0009
227.1290	1434	0.0119	0.0005
227.2971	1435	0.0119	0.0005
227.4615	1436	0.0119	0.0005
227.6301	1437	0.0119	0.0005
227.7961	1438	0.0119	0.0005
227.9622	1439	0.0232	-0.0064
228.1301	1440	0.0232	-0.0091
228.2947	1441	0.0232	-0.0091
228.4608	1442	0.0232	-0.0091
228.6287	1443	0.0232	-0.0091
228.7959	1444	0.0232	-0.0091
228.9858	1445	0.0266	-0.0094
229.1393	1446	0.0266	-0.0088
229.2942	1447	0.0266	-0.0088
229.4806	1448	0.0266	-0.0088
229.6308	1449	0.0337	-0.0112
229.8079	1450	0.0337	-0.0112
229.9852	1451	0.0337	-0.0112
230.1297	1452	0.0337	-0.0137
230.2961	1453	0.0337	-0.0137
230.4615	1454	0.0337	-0.0137
230.6273	1455	0.0337	-0.0137
230.7965	1456	0.0337	-0.0137
230.9805	1457	0.0392	-0.0142
231.1423	1458	0.0392	-0.0204
231.2949	1459	0.0392	-0.0204
231.4616	1460	0.0392	-0.0204
231.6325	1461	0.0392	-0.0204
231.7966	1462	0.0392	-0.0204
231.9627	1463	0.0361	-0.0144
232.1438	1464	0.0361	-0.0094
232.3154	1465	0.0361	-0.0094
232.4628	1466	0.0361	-0.0094
232.6293	1467	0.0361	-0.0094
232.8149	1468	0.0361	-0.0094
232.9618	1469	0.0361	-0.0094
233.1433	1470	0.0360	0.0146
233.2938	1471	0.0360	0.0146
233.4607	1472	0.0360	0.0146
233.6270	1473	0.0360	0.0146
233.7953	1474	0.0360	0.0184
233.9642	1475	0.0360	0.0184
234.1319	1476	0.0360	0.0184
234.3087	1477	0.0301	0.0183
234.4602	1478	0.0301	0.0183
234.6284	1479	0.0301	0.0183
234.8011	1480	0.0301	0.0183
234.9621	1481	0.0301	0.0183
235.1295	1482	0.0301	0.0219
235.3097	1483	0.0223	0.0219
235.4614	1484	0.0223	0.0219
235.6291	1485	0.0223	0.0219
235.7960	1486	0.0223	0.0219
235.9661	1487	0.0223	0.0219
236.1271	1488	0.0208	0.0147
236.2960	1489	0.0208	0.0147
236.3828	1490	0.0208	0.0147
236.5636	1491	0.0208	0.0147
236.7160	1492	0.0208	0.0147
236.8987	1493	0.0069	0.0199
237.0434	1494	0.0069	0.0199
237.2135	1495	0.0069	0.0211
237.3776	1496	0.0069	0.0211
237.5437	1497	0.0069	0.0211
237.7089	1498	0.0069	0.0211
237.8726	1499	0.0069	0.0211
238.0587	1500	0.0049	0.0183
238.2049	1501	0.0049	0.0183
238.3691	1502	0.0049	0.0184
238.5800	1503	0.0049	0.0184
238.7002	1504	0.0049	0.0184
238.8663	1505	0.0049	0.0184
239.0310	1506	0.0039	0.0153
239.2242	1507	0.0039	0.0153
239.3637	1508	0.0039	0.0135
239.5732	1509	0.0039	0.0135
239.6924	1510	0.0039	0.0135
239.8592	1511	0.0039	0.0135
240.0271	1512	-0.0013	0.0139
240.1949	1513	-0.0013	0.0164
240.3589	1514	-0.0013	0.0164
240.5218	1515	-0.0013	0.0164
240.7263	1516	-0.0013	0.0164
240.8705	1517	-0.0013	0.0164
241.0225	1518	0.0006	0.0048
241.2289	1519	0.0006	0.0048
241.3946	1520	0.0006	0.0048
241.5150	1521	0.0006	0.0048
241.6816	1522	0.0006	0.0048
241.8619	1523	0.0006	0.0048
242.0135	1524	-0.0039	0.0065
242.1791	1525	-0.0039	0.0065
242.3456	1526	-0.0039	0.0065
242.5093	1527	-0.0039	0.0065
242.6738	1528	-0.0039	0.0065
242.8383	1529	-0.0039	0.0065
243.0107	1530	0.0025	0.0014
243.2136	1531	0.0025	0.0010
243.3755	1532	0.0025	0.0010
243.5023	1533	0.0025	0.0010
243.6690	1534	0.0025	0.0010
243.8322	1535	0.0025	0.0010
243.9987	1536	0.0022	0.0010
244.1816	1537	0.0022	-0.0025
244.3292	1538	0.0022	-0.0025
244.5366	1539	0.0022	-0.0025
244.6605	1540	0.0022	-0.0025
244.8310	1541	0.0022	-0.0025
244.9962	1542	-0.0065	0.0031
245.1617	1543	-0.0065	0.0051
245.3235	1544	-0.0065	0.0051
245.4877	1545	-0.0065	0.0051
245.6595	1546	-0.0065	0.0051
245.8185	1547	-0.0065	0.0041
245.9881	1548	-0.0065	0.0041
246.1531	1549	-0.0065	0.0019
246.3164	1550	-0.0065	0.0019
246.5210	1551	-0.0065	0.0019
246.6493	1552	-0.0065	0.0019
246.8142	1553	-0.0065	0.0019
246.9893	1554	-0.0019	-0.0202
247.1482	1555	-0.0019	-0.0151
247.3096	1556	-0.0019	-0.0151
247.4765	1557	-0.0019	-0.0151
247.6423	1558	-0.0019	-0.0151
247.8094	1559	-0.0019	-0.0151
248.0051	1560	-0.0064	-0.0094
248.1366	1561	-0.0064	-0.0065
248.3466	1562	-0.0064	-0.0065
248.4672	1563	-0.0064	-0.0065
248.6377	1564	-0.0064	-0.0065
248.8051	1565	-0.0064	-0.0065
248.9706	1566	-0.0069	-0.0050
249.1333	1567	-0.0069	-0.0072
249.3316	1568	-0.0069	-0.0072
249.5003	1569	-0.0069	-0.0072
249.6303	1570	-0.0069	-0.0072
249.8397	1571	-0.0069	-0.0072
249.9645	1572	-0.0082	-0.0008
250.1699	1573	-0.0082	-0.0008
250.2934	1574	-0.0082	-0.0008
250.4747	1575	-0.0082	-0.0008
250.6288	1576	-0.0082	-0.0008
250.7985	1577	-0.0082	-0.0008
250.9595	1578	-0.0017	-0.0045
251.1617	1579	-0.0017	-0.0001
251.2941	1580	-0.0017	-0.0001
251.4620	1581	-0.0017	-0.0001
251.6540	1582	-0.0017	-0.0001
251.7980	1583	-0.0017	-0.0001
251.9680	1584	0.0011	-0.0017
252.1263	1585	0.0011	-0.0055
252.2946	1586	0.0011	-0.0055
252.4664	1587	0.0011	-0.0055
252.6262	1588	0.0011	-0.0055
252.7949	1589	0.0011	-0.0055
252.9896	1590	-0.0235	-0.0094
253.1261	1591	-0.0235	-0.0144
253.3159	1592	-0.0235	-0.0144
253.4774	1593	-0.0235	-0.0144
253.6279	1594	-0.0235	-0.0144
253.8068	1595	-0.0235	-0.0144
253.9691	1596	0.0207	0.0009
254.1260	1597	0.0207	-0.0055
254.2940	1598	0.0207	-0.0055
254.4637	1599	0.0207	-0.0055
254.6294	1600	0.0207	-0.0055
254.8132	1601	0.0207	-0.0055
254.9857	1602	0.0162	-0.0017
255.1265	1603	0.0162	-0.0027
255.2949	1604	0.0162	-0.0027
255.4710	1605	0.0162	-0.0027
255.6300	1606	0.0162	-0.0027
255.7959	1607	0.0162	-0.0027
255.9665	1608	0.0149	-0.0013
256.1269	1609	0.0149	-0.0049
256.2932	1610	0.0149	-0.0049
256.4716	1611	0.0149	-0.0049
256.6296	1612	0.0149	-0.0049
256.7936	1613	0.0149	-0.0049
256.9701	1614	-0.0020	-0.0251
257.1259	1615	-0.0020	-0.0158
257.3036	1616	-0.0020	-0.0158
257.4597	1617	-0.0020	-0.0158
257.6288	1618	-0.0020	-0.0158
257.7948	1619	-0.0020	-0.0158
257.9827	1620	-0.0079	-0.0091
258.1266	1621	-0.0079	-0.0114
258.2925	1622	-0.0079	-0.0114
258.4596	1623	-0.0079	-0.0114
258.6282	1624	-0.0079	-0.0114
258.7950	1625	-0.0079	-0.0114
258.9607	1626	0.0130	-0.0214
259.1368	1627	0.0130	-0.0270
259.2921	1628	0.0130	-0.0270
259.4608	1629	0.0130	-0.0270
259.6259	1630	0.0130	-0.0270
259.8222	1631	0.0130	-0.0270
259.9631	1632	-0.0149	-0.0108
260.1275	1633	-0.0149	-0.0146
260.2921	1634	-0.0149	-0.0146
260.4587	1635	-0.0149	-0.0146
260.6274	1636	-0.0149	-0.0146
260.7959	1637	-0.0149	-0.0146
260.9601	1638	-0.0178	-0.0100
261.1261	1639	-0.0178	-0.0017
261.2921	1640	-0.0178	-0.0017
261.4591	1641	-0.0178	-0.0017
261.6263	1642	-0.0178	-0.0017
261.7368	1643	-0.0178	-0.0017
261.8800	1644	-0.0178	-0.0017
262.0459	1645	0.0154	-0.0169
262.2185	1646	0.0154	-0.0169
262.3768	1647	0.0154	-0.0169
262.5893	1648	0.0154	-0.0169
262.7510	1649	0.0154	-0.0169
262.8719	1650	0.0154	-0.0169
263.0804	1651	0.0167	-0.0027
263.2037	1652	0.0167	-0.0027
263.3805	1653	0.0167	-0.0027
263.5347	1654	0.0167	-0.0027
263.7013	1655	0.0167	-0.0027
263.8652	1656	0.0167	-0.0027
264.0332	1657	-0.0167	0.0013
264.2147	1658	-0.0167	0.0013
264.4055	1659	-0.0167	0.0013
264.5303	1660	-0.0167	0.0013
264.6944	1661	-0.0167	0.0013
264.8589	1662	-0.0167	0.0013
265.0249	1663	-0.0221	0.0031
265.1944	1664	-0.0221	0.0031
265.3790	1665	-0.0221	0.0031
265.5713	1666	-0.0221	0.0031
265.6893	1667	-0.0221	0.0031
265.8522	1668	-0.0221	0.0031
266.0217	1669	-0.0175	-0.0002
266.2206	1670	-0.0175	-0.0054
266.3494	1671	-0.0175	-0.0054
266.5234	1672	-0.0175	-0.0054
266.6804	1673	-0.0175	-0.0054
266.8458	1674	-0.0175	-0.0054
267.0115	1675	-0.0228	-0.0012
267.1941	1676	-0.0228	-0.0038
267.3440	1677	-0.0228	-0.0038
267.5098	1678	-0.0228	-0.0038
267.6981	1679	-0.0228	-0.0038
267.8498	1680	-0.0228	-0.0038
268.0132	1681	-0.0016	-0.0155
268.1824	1682	-0.0016	-0.0110
268.3382	1683	-0.0016	-0.0110
268.5071	1684	-0.0016	-0.0110
268.6689	1685	-0.0016	-0.0110
268.8337	1686	-0.0016	-0.0110
269.0286	1687	-0.0192	-0.0125
269.1638	1688	-0.0192	-0.0157
269.3325	1689	-0.0192	-0.0157
269.4957	1690	-0.0192	-0.0157
269.6736	1691	-0.0192	-0.0157
269.8265	1692	-0.0192	-0.0157
269.9962	1693	0.0214	0.0043
270.1603	1694	0.0214	0.0088
270.3594	1695	0.0214	0.0088
270.4895	1696	0.0214	0.0088
270.6550	1697	0.0214	0.0088
270.8293	1698	0.0214	0.0088
271.0274	1699	0.0134	0.0116
271.1523	1700	0.0134	0.0108
271.3193	1701	0.0134	0.0108
271.4857	1702	0.0134	0.0108
271.6473	1703	0.0134	0.0108
271.8185	1704	0.0134	0.0108
272.0210	1705	0.0114	0.0099
272.1439	1706	0.0114	0.0277
272.3149	1707	0.0114	0.0277
272.5258	1708	0.0114	0.0277
272.6428	1709	0.0114	0.0277
272.8628	1710	0.0114	0.0277
273.0060	1711	-0.0020	0.0297
273.1370	1712	-0.0020	0.0230
273.3074	1713	-0.0020	0.0230
273.4726	1714	-0.0020	0.0230
273.6369	1715	-0.0020	0.0230
273.8124	1716	-0.0020	0.0230
273.9658	1717	-0.0030	0.0193
274.1813	1718	-0.0030	0.0177
274.2969	1719	-0.0030	0.0177
274.4652	1720	-0.0030	0.0177
274.6584	1721	-0.0030	0.0177
274.7978	1722	-0.0030	0.0177
275.0024	1723	-0.0053	0.0157
275.1284	1724	-0.0053	0.0139
275.3002	1725	-0.0053	0.0139
275.4582	1726	-0.0053	0.0139
275.6253	1727	-0.0053	0.0139
275.7949	1728	-0.0053	0.0139
275.9859	1729	0.0028	0.0063
276.1252	1730	0.0028	0.0064
276.3247	1731	0.0028	0.0064
276.4590	1732	0.0028	0.0064
276.6270	1733	0.0028	0.0064
276.8016	1734	0.0028	0.0064
276.9587	1735	-0.0043	-0.0108
277.1263	1736	-0.0043	-0.0197
277.2929	1737	-0.0043	-0.0197
277.4613	1738	-0.0043	-0.0197
277.6265	1739	-0.0043	-0.0197
277.7955	1740	-0.0043	-0.0197
277.9775	1741	-0.0043	-0.0197
278.1259	1742	-0.0043	-0.0223
278.2927	1743	0.0076	-0.0255
278.4758	1744	0.0076	-0.0255
278.6263	1745	0.0076	-0.0255
278.7961	1746	0.0076	-0.0255
278.9584	1747	0.0013	-0.0025
279.1264	1748	0.0013	-0.0048
279.2926	1749	0.0013	-0.0048
279.4758	1750	0.0013	-0.0048
279.6271	1751	0.0013	-0.0048
279.7940	1752	0.0013	-0.0048
279.9743	1753	0.0030	-0.0049
280.1457	1754	0.0030	-0.0002
280.2946	1755	0.0030	-0.0002
280.4593	1756	0.0030	-0.0002
280.6283	1757	0.0030	-0.0002
280.7945	1758	0.0030	-0.0002
280.9606	1759	-0.0033	0.0035
281.1460	1760	-0.0033	0.0058
281.2920	1761	-0.0033	0.0058
281.4585	1762	-0.0033	0.0058
281.6255	1763	-0.0033	0.0058
281.8154	1764	-0.0033	0.0058
281.9597	1765	0.0062	-0.0009
282.1264	1766	0.0062	-0.0009
282.2920	1767	0.0062	-0.0009
282.4585	1768	0.0062	0.0038
282.6263	1769	0.0062	0.0038
282.7963	1770	0.0062	0.0038
282.9603	1771	-0.0069	0.0107
283.1273	1772	-0.0069	0.0060
283.3076	1773	-0.0069	0.0060
283.4601	1774	-0.0069	0.0060
283.6262	1775	-0.0069	0.0060
283.7927	1776	-0.0069	0.0060
283.9636	1777	-0.0057	0.0041
284.1260	1778	-0.0057	0.0063
284.2943	1779	-0.0057	0.0063
284.4585	1780	-0.0057	0.0063
284.6269	1781	-0.0057	0.0063
284.7922	1782	-0.0057	0.0063
284.9608	1783	0.0099	-0.0004
285.1437	1784	0.0099	-0.0013
285.2944	1785	0.0099	-0.0013
285.4596	1786	0.0099	-0.0013
285.6266	1787	0.0099	-0.0013
285.7945	1788	0.0099	-0.0013
285.9597	1789	0.0055	-0.0052
286.1267	1790	0.0055	0.0005
286.2936	1791	0.0055	0.0005
286.4591	1792	0.0055	0.0005
286.6288	1793	0.0055	0.0005
286.8075	1794	0.0055	0.0005
286.8830	1795	0.0055	0.0005
287.0532	1796	-0.0072	0.0002
287.2129	1797	-0.0072	0.0002
287.4253	1798	-0.0072	0.0002
287.5444	1799	-0.0072	0.0002
287.7336	1800	-0.0072	0.0002
287.8728	1801	-0.0072	0.0002
288.0719	1802	0.0016	-0.0054
288.2050	1803	0.0016	-0.0054
288.4019	1804	0.0016	-0.0054
288.5694	1805	0.0016	-0.0054
288.7005	1806	0.0016	-0.0054
288.8678	1807	0.0016	-0.0054
289.0325	1808	-0.0052	-0.0123
289.1992	1809	-0.0052	-0.0123
289.4063	1810	-0.0052	-0.0123
289.5293	1811	-0.0052	-0.0123
289.7010	1812	-0.0052	-0.0123
289.8618	1813	-0.0052	-0.0123
290.0270	1814	0.0077	-0.0016
290.1953	1815	0.0077	-0.0016
290.3578	1816	0.0077	-0.0016
290.5542	1817	0.0077	-0.0016
290.6903	1818	0.0077	-0.0016
290.8625	1819	0.0077	-0.0016
291.0200	1820	0.0075	-0.0012
291.1883	1821	0.0075	-0.0108
291.3504	1822	0.0075	-0.0108
291.5592	1823	0.0075	-0.0108
291.6851	1824	0.0075	-0.0108
291.8476	1825	0.0075	-0.0108
292.0187	1826	0.0035	-0.0063
292.1797	1827	0.0035	-0.0014
292.3880	1828	0.0035	-0.0014
292.5114	1829	0.0035	-0.0014
292.6789	1830	0.0035	-0.0014
292.8422	1831	0.0035	-0.0014
293.0199	1832	0.0010	0.0003
293.1768	1833	0.0010	-0.0046
293.3374	1834	0.0010	-0.0046
293.5244	1835	0.0010	-0.0046
293.6715	1836	0.0010	-0.0046
293.8346	1837	0.0010	-0.0046
294.0020	1838	0.0010	-0.0046
294.1661	1839	0.0010	0.0065
294.3315	1840	0.0023	0.0039
294.4970	1841	0.0023	0.0039
294.6943	1842	0.0023	0.0039
294.8273	1843	0.0023	0.0039
294.9969	1844	-0.0006	0.0048
295.1599	1845	-0.0006	0.0059
295.3288	1846	-0.0006	0.0059
295.5338	1847	-0.0006	0.0059
295.6766	1848	-0.0006	0.0059
295.8219	1849	-0.0006	0.0059
296.0304	1850	-0.0043	0.0069
296.1888	1851	-0.0043	0.0057
296.3184	1852	-0.0043	0.0057
296.4924	1853	-0.0043	0.0057
296.6529	1854	-0.0043	0.0057
296.8159	1855	-0.0043	0.0057
297.0256	1856	-0.0026	0.0036
297.1465	1857	-0.0026	0.0027
297.3117	1858	-0.0026	0.0027
297.4771	1859	-0.0026	0.0027
297.6689	1860	-0.0026	0.0027
297.8126	1861	-0.0026	0.0027
297.9785	1862	-0.0027	0.0022
298.1529	1863	-0.0027	0.0022
298.3444	1864	-0.0027	0.0022
298.4744	1865	-0.0027	0.0037
298.6400	1866	-0.0027	0.0037
298.8039	1867	-0.0027	0.0037
298.9669	1868	-0.0042	0.0038
299.1339	1869	-0.0042	0.0027
299.3433	1870	-0.0042	0.0027
299.4676	1871	-0.0042	0.0027
299.6332	1872	-0.0042	0.0027
299.7999	1873	-0.0042	0.0027
299.9645	1874	-0.0106	0.0059
300.1597	1875	-0.0106	0.0047
300.3083	1876	-0.0106	0.0047
300.4610	1877	-0.0106	0.0047
300.6303	1878	-0.0106	0.0047
300.7949	1879	-0.0106	0.0047
300.9597	1880	-0.0073	0.0018
301.1337	1881	-0.0073	0.0035
301.2922	1882	-0.0073	0.0035
301.4771	1883	-0.0073	0.0035
301.6258	1884	-0.0073	0.0035
301.8007	1885	-0.0073	0.0035
301.9650	1886	-0.0027	0.0000
302.1404	1887	-0.0027	-0.0000
302.2921	1888	-0.0027	-0.0000
302.4597	1889	-0.0027	-0.0000
302.6271	1890	-0.0027	-0.0000
302.7960	1891	-0.0027	-0.0000
302.9588	1892	-0.0073	0.0027
303.1262	1893	-0.0073	0.0023
303.2920	1894	-0.0073	0.0023
303.4746	1895	-0.0073	0.0023
303.6332	1896	-0.0073	0.0023
303.7963	1897	-0.0073	0.0023
303.9604	1898	-0.0064	-0.0045
304.1287	1899	-0.0064	-0.0086
304.2928	1900	-0.0064	-0.0086
304.4593	1901	-0.0064	-0.0086
304.6265	1902	-0.0064	-0.0086
304.8107	1903	-0.0064	-0.0086
304.9587	1904	-0.0004	-0.0105
305.1266	1905	-0.0004	-0.0088
305.2937	1906	-0.0004	-0.0088
305.4774	1907	-0.0004	-0.0088
305.6400	1908	-0.0004	-0.0088
305.8046	1909	-0.0004	-0.0088
305.9597	1910	-0.0019	-0.0061
306.1262	1911	-0.0019	-0.0024
306.3114	1912	-0.0019	-0.0024
306.4588	1913	-0.0019	-0.0024
306.6265	1914	-0.0019	-0.0024
306.7979	1915	-0.0019	-0.0024
306.9587	1916	-0.0005	-0.0028
307.1399	1917	-0.0005	-0.0050
307.2916	1918	-0.0005	-0.0050
307.4591	1919	-0.0005	-0.0050
307.6501	1920	-0.0005	-0.0050
307.7934	1921	-0.0005	-0.0050
307.9775	1922	-0.0059	-0.0008
308.1494	1923	-0.0059	-0.0021
308.2930	1924	-0.0059	-0.0021
308.4591	1925	-0.0059	-0.0021
308.6266	1926	-0.0059	-0.0021
308.7988	1927	-0.0059	-0.0021
308.9592	1928	-0.0004	-0.0035
309.1253	1929	-0.0004	0.0001
309.3050	1930	-0.0004	0.0001
309.4604	1931	-0.0004	0.0001
309.6271	1932	-0.0004	0.0001
309.7951	1933	-0.0004	0.0001
309.9594	1934	0.0022	-0.0015
310.1262	1935	0.0022	-0.0031
310.2926	1936	0.0022	-0.0031
310.4609	1937	-0.0099	0.0047
310.6394	1938	-0.0099	0.0047
310.7948	1939	-0.0099	0.0047
310.9614	1940	-0.0099	0.0047
311.1429	1941	-0.0099	0.0068
311.2928	1942	-0.0099	0.0068
311.4616	1943	-0.0099	0.0068
311.6254	1944	-0.0099	0.0068
311.7958	1945	-0.0099	0.0068
311.9590	1946	-0.0168	0.0096
312.1268	1947	-0.0168	0.0170
312.2141	1948	-0.0168	0.0170
312.3998	1949	-0.0168	0.0170
312.5667	1950	-0.0168	0.0170
312.7108	1951	-0.0168	0.0170
312.8769	1952	-0.0168	0.0170
313.0801	1953	-0.0189	0.0137
313.2080	1954	-0.0189	0.0137
313.3756	1955	-0.0189	0.0137
313.5389	1956	-0.0189	0.0137
313.7346	1957	-0.0189	0.0137
313.8688	1958	-0.0189	0.0137
314.0339	1959	-0.0152	0.0130
314.2031	1960	-0.0152	0.0130
314.4067	1961	-0.0152	0.0130
314.5306	1962	-0.0152	0.0053
314.7407	1963	-0.0152	0.0053
314.8649	1964	-0.0152	0.0053
315.0450	1965	-0.0235	0.0101
315.2343	1966	-0.0235	0.0101
315.3847	1967	-0.0235	0.0101
315.5276	1968	-0.0235	0.0101
315.7272	1969	-0.0235	0.0101
315.8593	1970	-0.0235	0.0101
316.0255	1971	-0.0249	0.0059
316.1926	1972	-0.0249	0.0059
316.4049	1973	-0.0249	0.0059
316.5570	1974	-0.0249	0.0059
316.6833	1975	-0.0249	0.0059
316.8568	1976	-0.0249	0.0059
317.0169	1977	-0.0171	0.0001
317.2286	1978	-0.0171	-0.0013
317.3460	1979	-0.0171	-0.0013
317.5196	1980	-0.0171	-0.0013
317.6790	1981	-0.0171	-0.0013
317.8544	1982	-0.0171	-0.0013
318.0266	1983	-0.0140	-0.0029
318.1782	1984	-0.0140	-0.0009
318.3467	1985	-0.0140	-0.0009
318.5100	1986	-0.0140	-0.0009
318.6711	1987	-0.0140	-0.0009
318.8555	1988	-0.0140	-0.0009
319.0052	1989	-0.0226	0.0043
319.1913	1990	-0.0226	-0.0007
319.3764	1991	-0.0226	-0.0007
319.4984	1992	-0.0226	-0.0007
319.6651	1993	-0.0226	-0.0007
319.8435	1994	-0.0226	-0.0007
319.9978	1995	-0.0296	0.0036
320.1732	1996	-0.0296	0.0035
320.3269	1997	-0.0296	0.0035
320.5200	1998	-0.0296	0.0035
320.6572	1999	-0.0296	0.0035
320.8246	2000	-0.0296	0.0035
320.9955	2001	-0.0295	0.0028
321.1546	2002	-0.0295	0.0092
321.3216	2003	-0.0295	0.0092
321.5256	2004	-0.0295	0.0092
321.6525	2005	-0.0295	0.0092
321.8213	2006	-0.0295	0.0092
322.0008	2007	-0.0172	0.0000
322.1472	2008	-0.0172	0.0023
322.3142	2009	-0.0172	0.0023
322.4804	2010	-0.0172	0.0023
322.6445	2011	-0.0172	0.0023
322.8105	2012	-0.0172	0.0023
322.9795	2013	-0.0301	0.0095
323.1815	2014	-0.0301	0.0056
323.3447	2015	-0.0301	0.0056
323.4722	2016	-0.0301	0.0056
323.6421	2017	-0.0301	0.0056
323.8055	2018	-0.0301	0.0056
323.9734	2019	-0.0306	0.0048
324.1363	2020	-0.0306	0.0008
324.2993	2021	-0.0306	0.0008
324.4889	2022	-0.0306	0.0008
324.6350	2023	-0.0306	0.0008
324.8349	2024	-0.0306	0.0008
324.9623	2025	-0.0297	0.0001
325.1336	2026	-0.0297	0.0001
325.2939	2027	-0.0297	0.0001
325.4599	2028	-0.0297	0.0001
325.6315	2029	-0.0297	0.0001
325.8285	2030	-0.0297	0.0001
325.9595	2031	-0.0333	0.0023
326.1727	2032	-0.0333	0.0120
326.2932	2033	-0.0333	0.0120
326.4621	2034	-0.0333	0.0120
326.6395	2035	-0.0333	0.0120
326.7994	2036	-0.0281	0.0065
326.9591	2037	-0.0281	0.0065
327.1259	2038	-0.0281	-0.0015
327.2937	2039	-0.0281	-0.0015
327.4609	2040	-0.0281	-0.0015
327.6273	2041	-0.0281	-0.0015
327.7938	2042	-0.0281	-0.0015
328.0055	2043	-0.0304	0.0002
328.1262	2044	-0.0304	-0.0001
328.2979	2045	-0.0304	-0.0001
328.4607	2046	-0.0304	-0.0001
328.6263	2047	-0.0304	-0.0001
328.7959	2048	-0.0304	-0.0001
328.9614	2049	-0.0314	0.0005
329.1292	2050	-0.0314	0.0012
329.2940	2051	-0.0314	0.0012
329.4597	2052	-0.0314	0.0012
329.6260	2053	-0.0314	0.0012
329.7927	2054	-0.0314	0.0012
329.9612	2055	-0.0197	-0.0059
330.1279	2056	-0.0197	-0.0101
330.2921	2057	-0.0197	-0.0101
330.4589	2058	-0.0197	-0.0101
330.6297	2059	-0.0197	-0.0101
330.8069	2060	-0.0197	-0.0101
330.9620	2061	-0.0266	-0.0011
331.1263	2062	-0.0266	-0.0011
331.3012	2063	-0.0266	-0.0011
331.4611	2064	-0.0266	-0.0011
331.6526	2065	-0.0266	-0.0011
331.7943	2066	-0.0266	-0.0011
331.9695	2067	-0.0288	0.0004
332.1430	2068	-0.0288	-0.0012
332.2933	2069	-0.0288	-0.0012
332.4604	2070	-0.0288	-0.0012
332.6285	2071	-0.0288	-0.0012
332.7955	2072	-0.0288	-0.0012
332.9604	2073	-0.0278	-0.0016
333.1258	2074	-0.0278	-0.0027
333.3053	2075	-0.0278	-0.0027
333.4747	2076	-0.0278	-0.0027
333.6328	2077	-0.0278	-0.0027
333.8024	2078	-0.0278	-0.0027
333.9600	2079	-0.0342	0.0017
334.1266	2080	-0.0342	0.0108
334.3088	2081	-0.0342	0.0108
334.4593	2082	-0.0342	0.0108
334.6266	2083	-0.0342	0.0108
334.8147	2084	-0.0342	0.0108
334.9595	2085	-0.0399	0.0120
335.1464	2086	-0.0399	0.0100
335.2926	2087	-0.0399	0.0100
335.4598	2088	-0.0399	0.0100
335.6266	2089	-0.0399	0.0100
335.8021	2090	-0.0399	0.0100
335.9692	2091	-0.0508	0.0145
336.1265	2092	-0.0508	0.0164
336.3083	2093	-0.0508	0.0164
336.4612	2094	-0.0508	0.0164
336.6268	2095	-0.0508	0.0164
336.8066	2096	-0.0508	0.0164
336.9636	2097	-0.0456	0.0101
337.1269	2098	-0.0456	0.0132
337.2925	2099	-0.0456	0.0132
337.3825	2100	-0.0456	0.0132
337.5457	2101	-0.0456	0.0132
337.7548	2102	-0.0456	0.0132
337.8782	2103	-0.0456	0.0132
338.0455	2104	-0.0454	0.0084
338.2137	2105	-0.0454	0.0084
338.3761	2106	-0.0454	0.0084
338.5414	2107	-0.0454	0.0084
338.7193	2108	-0.0454	0.0084
338.8713	2109	-0.0454	0.0084
339.0505	2110	-0.0461	0.0047
339.2054	2111	-0.0461	0.0047
339.3739	2112	-0.0461	0.0047
339.5326	2113	-0.0461	0.0047
339.7324	2114	-0.0461	0.0047
339.9023	2115	-0.0580	0.0109
340.0327	2116	-0.0580	0.0054
340.2022	2117	-0.0580	0.0054
340.4052	2118	-0.0580	0.0054
340.5637	2119	-0.0580	0.0054
340.6952	2120	-0.0580	0.0054
340.8580	2121	-0.0580	0.0054
341.0249	2122	-0.0638	0.0135
341.2210	2123	-0.0638	0.0135
341.3563	2124	-0.0638	0.0135
341.5223	2125	-0.0638	0.0135
341.6862	2126	-0.0638	0.0135
341.8681	2127	-0.0638	0.0135
342.0175	2128	-0.0728	0.0161
342.1912	2129	-0.0728	0.0200
342.3946	2130	-0.0728	0.0200
342.5153	2131	-0.0728	0.0200
342.6800	2132	-0.0728	0.0200
342.8479	2133	-0.0728	0.0200
343.0135	2134	-0.0851	0.0233
343.1852	2135	-0.0851	0.0286
343.3861	2136	-0.0851	0.0286
343.5176	2137	-0.0851	0.0286
343.6767	2138	-0.0851	0.0286
343.8410	2139	-0.0851	0.0286
344.0296	2140	-0.1024	0.0325
344.2112	2141	-0.1024	0.0325
344.3349	2142	-0.1024	0.0325
344.5008	2143	-0.1024	0.0325
344.6666	2144	-0.1024	0.0325
344.8342	2145	-0.1024	0.0325
345.0046	2146	0.1088	0.0288
345.1972	2147	0.1088	0.0336
345.3293	2148	0.1088	0.0336
345.4940	2149	0.1088	0.0336
345.6601	2150	0.1088	0.0336
345.8289	2151	0.1088	0.0336
345.9990	2152	0.1051	0.0290
346.1573	2153	0.1051	0.0317
346.3256	2154	0.1051	0.0317
346.4876	2155	0.1051	0.0317
346.6535	2156	0.1051	0.0317
346.8214	2157	0.1051	0.0317
347.0132	2158	0.0918	0.0333
347.1512	2159	0.0918	0.0344
347.3151	2160	0.0918	0.0344
347.4814	2161	0.0918	0.0344
347.6490	2162	0.0918	0.0344
347.8169	2163	0.0918	0.0344
347.9811	2164	0.0802	0.0343
348.1433	2165	0.0802	0.0322
348.3205	2166	0.0802	0.0322
348.5134	2167	0.0802	0.0322
348.6420	2168	0.0802	0.0322
348.8620	2169	0.0802	0.0322
348.9721	2170	0.0650	0.0352
349.1444	2171	0.0650	0.0330
349.3030	2172	0.0650	0.0330
349.4687	2173	0.0650	0.0330
349.6693	2174	0.0650	0.0330
349.8075	2175	0.0650	0.0330
349.9664	2176	0.0611	0.0345
350.1325	2177	0.0611	0.0424
350.3195	2178	0.0611	0.0424
350.4632	2179	0.0611	0.0424
350.6326	2180	0.0611	0.0424
350.8226	2181	0.0611	0.0424
350.9980	2182	0.0664	0.0372
351.1278	2183	0.0664	0.0360
351.3371	2184	0.0664	0.0360
351.4612	2185	0.0664	0.0360
351.6289	2186	0.0664	0.0360
351.8385	2187	0.0664	0.0360
351.9635	2188	0.0645	0.0386
352.1282	2189	0.0645	0.0425
352.2933	2190	0.0645	0.0425
352.4622	2191	0.0645	0.0425
352.6265	2192	0.0645	0.0425
352.8005	2193	0.0645	0.0425
352.9599	2194	0.0645	0.0425
353.1270	2195	0.0623	0.0429
353.3113	2196	0.0623	0.0429
353.4605	2197	0.0623	0.0429
353.6283	2198	0.0623	0.0429
353.7996	2199	0.0623	0.0429
353.9903	2200	0.0623	0.0429
354.1431	2201	0.0588	0.2750
354.2962	2202	0.0588	0.2750
354.4601	2203	0.0588	0.2750
354.6291	2204	0.0588	0.2750
354.8051	2205	0.0588	0.2750
354.9623	2206	0.0588	0.2750
355.1422	2207	0.0611	0.7440
355.2937	2208	0.0611	0.7440
355.4607	2209	0.0611	0.7440
355.6272	2210	0.0611	0.7440
355.7964	2211	0.0611	0.7440
355.9917	2212	0.0602	0.6957
356.1263	2213	0.0602	0.5809
356.3138	2214	0.0602	0.5809
356.4618	2215	0.0602	0.5809
356.6276	2216	0.0602	0.5809
356.8076	2217	0.0602	0.5809
356.9783	2218	0.0602	0.5809
357.1299	2219	0.0602	0.5809
357.3114	2220	0.0602	1.7243
