dt(cam)	frame	LO	AO
0.0000	0000	-0.0178	0.0000
0.0278	0001	-0.0178	0.0000
0.0380	0002	-0.0178	0.0000
0.0488	0003	-0.0178	0.0000
0.0612	0004	-0.0178	0.0000
0.0689	0005	-0.0178	0.0000
0.1918	0006	-0.0178	0.0000
0.3483	0007	-0.0178	0.0000
0.5272	0008	-0.0174	0.0000
0.7275	0009	-0.0174	0.0000
0.8809	0010	-0.0174	0.0000
1.0130	0011	-0.0174	0.0000
1.1787	0012	-0.0174	0.0000
1.3441	0013	-0.0174	0.0000
1.5241	0014	-0.0146	0.0000
1.6731	0015	-0.0146	0.0000
1.8418	0016	-0.0146	0.0000
2.0433	0017	-0.0146	0.0000
2.1714	0018	-0.0146	0.0000
2.3408	0019	-0.0146	0.0000
2.5508	0020	-0.0146	0.0000
2.6672	0021	-0.0146	0.0000
2.8351	0022	-0.0146	0.0000
2.9969	0023	-0.0146	-2.2514
3.1679	0024	-0.0146	-2.4077
3.3336	0025	-0.0146	-2.4077
3.5026	0026	-0.0204	2.3971
3.6626	0027	-0.0204	2.3971
3.8268	0028	-0.0204	2.3971
4.0308	0029	-0.0204	2.3971
4.1603	0030	-0.0204	2.3971
4.3231	0031	-0.0204	2.3971
4.4896	0032	-0.0188	1.9203
4.7062	0033	-0.0188	1.9203
4.8198	0034	-0.0188	1.9203
4.9863	0035	-0.0188	1.9203
5.1512	0036	-0.0188	1.9203
5.3176	0037	-0.0188	1.9203
5.4982	0038	-0.0138	-3.0929
5.6585	0039	-0.0138	-3.0929
5.8520	0040	-0.0138	-3.0929
5.9928	0041	-0.0138	-3.0929
6.1477	0042	-0.0138	-3.0929
6.3155	0043	-0.0138	-3.0929
6.4768	0044	-0.0138	-3.0760
6.6851	0045	-0.0122	-2.9416
6.8066	0046	-0.0122	-2.9416
7.0124	0047	-0.0122	-2.9416
7.1403	0048	-0.0122	-2.9416
7.3386	0049	-0.0122	-2.9416
7.4694	0050	-0.0122	-2.9416
7.6400	0051	-0.0128	-2.5423
7.8451	0052	-0.0128	-2.5423
7.9657	0053	-0.0128	-2.5423
8.1357	0054	-0.0128	-2.5423
8.3019	0055	-0.0128	-2.5423
8.4667	0056	-0.0128	-2.5423
8.6322	0057	-0.0159	-2.8736
8.8319	0058	-0.0159	-2.8736
8.9585	0059	-0.0159	-2.8736
9.1477	0060	-0.0159	-2.8736
9.2921	0061	-0.0159	-2.8736
9.4599	0062	-0.0159	-2.8736
9.6231	0063	-0.0136	-0.0502
9.7870	0064	-0.0136	-0.0502
9.9518	0065	-0.0136	-0.0502
10.1218	0066	-0.0136	-0.0502
10.2869	0067	-0.0136	-0.0502
10.4494	0068	-0.0136	-0.0502
10.6187	0069	-0.0111	-0.5024
10.7835	0070	-0.0111	-0.2708
10.9484	0071	-0.0111	-0.2708
11.1592	0072	-0.0111	-0.2708
11.2772	0073	-0.0111	-0.2708
11.4448	0074	-0.0111	-0.2708
11.6085	0075	-0.0203	0.0398
11.7785	0076	-0.0203	0.0374
11.9404	0077	-0.0203	0.0374
12.1104	0078	-0.0203	0.0374
12.2722	0079	-0.0203	0.0374
12.4858	0080	-0.0203	0.0374
12.6060	0081	-0.0203	0.0374
12.8004	0082	-0.0203	0.0218
12.9400	0083	-0.0203	0.0218
13.1081	0084	-0.0203	0.0218
13.2745	0085	-0.0303	0.0221
13.4372	0086	-0.0303	0.0221
13.6409	0087	-0.0017	0.0710
13.7688	0088	-0.0017	0.0731
13.9355	0089	-0.0017	0.0731
14.1062	0090	-0.0017	0.0731
14.2707	0091	-0.0017	0.0731
14.4352	0092	-0.0017	0.0731
14.6020	0093	0.0128	0.0471
14.7691	0094	0.0128	0.0488
14.9360	0095	0.0128	0.0488
15.1071	0096	0.0128	0.0488
15.2690	0097	0.0128	0.0488
15.4367	0098	0.0128	0.0488
15.6216	0099	0.0005	0.0471
15.7910	0100	0.0005	0.0456
15.9373	0101	0.0005	0.0456
16.1087	0102	0.0005	0.0456
16.2692	0103	0.0005	0.0456
16.4367	0104	0.0005	0.0456
16.6048	0105	0.0009	0.0379
16.7689	0106	0.0009	0.0379
16.9384	0107	0.0009	0.0379
17.1030	0108	0.0009	0.0379
17.2716	0109	0.0009	0.0379
17.4389	0110	0.0009	0.0388
17.6022	0111	-0.0034	0.0342
17.7691	0112	-0.0034	0.0013
17.9361	0113	-0.0034	0.0013
18.1063	0114	-0.0034	0.0013
18.2700	0115	-0.0034	0.0013
18.4356	0116	-0.0034	0.0013
18.6023	0117	0.0125	-0.0117
18.7853	0118	0.0125	0.0012
18.9380	0119	0.0125	0.0012
19.1102	0120	0.0125	0.0012
19.2899	0121	0.0125	0.0012
19.4355	0122	0.0125	0.0012
19.6187	0123	-0.0062	0.0112
19.7698	0124	-0.0062	0.0095
19.9626	0125	-0.0062	0.0095
20.1058	0126	-0.0062	0.0095
20.2715	0127	-0.0062	0.0095
20.4373	0128	-0.0062	0.0095
20.6028	0129	-0.0059	0.0268
20.7692	0130	-0.0059	0.0338
20.9368	0131	-0.0059	0.0338
21.1197	0132	-0.0059	0.0338
21.2957	0133	-0.0059	0.0338
21.4357	0134	-0.0059	0.0338
21.6032	0135	0.0010	0.0068
21.7704	0136	0.0010	0.0094
21.9374	0137	0.0010	0.0094
22.1081	0138	0.0010	0.0094
22.2693	0139	0.0010	0.0094
22.4364	0140	0.0010	0.0094
22.6029	0141	-0.0014	0.0088
22.7703	0142	-0.0014	0.0083
22.9383	0143	-0.0014	0.0083
23.1072	0144	-0.0014	0.0083
23.2700	0145	-0.0014	0.0083
23.4367	0146	-0.0014	0.0083
23.6054	0147	0.0004	0.0194
23.7704	0148	0.0004	0.0103
23.9378	0149	0.0004	0.0103
24.1046	0150	0.0004	0.0103
24.2745	0151	0.0004	0.0103
24.4400	0152	0.0004	0.0103
24.5261	0153	-0.0222	0.0194
24.7276	0154	-0.0222	0.0107
24.8567	0155	-0.0222	0.0107
25.0593	0156	-0.0222	0.0107
25.1885	0157	-0.0222	0.0107
25.3530	0158	-0.0222	0.0107
25.5216	0159	-0.0001	-0.0123
25.6834	0160	-0.0001	0.0007
25.8487	0161	-0.0001	0.0007
26.0175	0162	-0.0001	0.0007
26.1979	0163	-0.0001	0.0007
26.3479	0164	-0.0001	0.0007
26.5297	0165	0.0015	-0.0003
26.6782	0166	0.0015	-0.0019
26.8442	0167	0.0015	-0.0019
27.0106	0168	0.0015	-0.0019
27.1769	0169	0.0015	-0.0019
27.3415	0170	0.0015	-0.0019
27.5076	0171	0.0043	-0.0030
27.6949	0172	0.0043	-0.0062
27.8361	0173	0.0043	-0.0062
28.0064	0174	0.0043	-0.0062
28.1694	0175	0.0043	-0.0062
28.3350	0176	0.0043	-0.0062
28.5031	0177	0.0043	-0.0062
28.7032	0178	0.0043	-0.0247
28.8290	0179	0.0043	-0.0247
29.0376	0180	0.0043	-0.0247
29.1639	0181	0.0043	-0.0247
29.3306	0182	0.0058	-0.0188
29.4969	0183	0.0146	-0.0193
29.7013	0184	0.0146	-0.0116
29.8228	0185	0.0146	-0.0116
30.0372	0186	0.0146	-0.0116
30.1561	0187	0.0146	-0.0116
30.3230	0188	0.0146	-0.0116
30.4881	0189	0.0143	-0.0089
30.6781	0190	0.0143	-0.0125
30.8626	0191	0.0143	-0.0125
30.9843	0192	0.0143	-0.0125
31.1537	0193	0.0143	-0.0125
31.3184	0194	0.0143	-0.0125
31.5200	0195	0.0196	-0.0126
31.6452	0196	0.0196	-0.0163
31.8119	0197	0.0196	-0.0163
31.9759	0198	0.0196	-0.0163
32.1414	0199	0.0196	-0.0163
32.3117	0200	0.0196	-0.0163
32.5270	0201	0.0184	-0.0122
32.6413	0202	0.0184	-0.0122
32.8041	0203	0.0184	-0.0122
32.9700	0204	0.0184	-0.0122
33.1410	0205	0.0184	-0.0122
33.3062	0206	0.0184	-0.0122
33.5109	0207	0.0288	-0.0107
33.6333	0208	0.0288	-0.0082
33.7971	0209	0.0288	-0.0082
33.9642	0210	0.0288	-0.0082
34.1314	0211	0.0288	-0.0082
34.3004	0212	0.0288	-0.0082
34.5007	0213	0.0449	-0.0142
34.6248	0214	0.0449	-0.0178
34.7909	0215	0.0449	-0.0178
34.9604	0216	0.0449	-0.0178
35.1238	0217	0.0449	-0.0178
35.2914	0218	0.0449	-0.0178
35.4556	0219	0.0449	-0.0178
35.6201	0220	0.0389	-0.0110
35.8153	0221	0.0389	-0.0110
35.9664	0222	0.0389	-0.0110
36.1498	0223	0.0389	-0.0110
36.2828	0224	0.0389	-0.0110
36.4769	0225	-0.0397	-0.0176
36.6115	0226	-0.0397	-0.0219
36.7791	0227	-0.0397	-0.0219
36.9443	0228	-0.0397	-0.0219
37.1202	0229	-0.0397	-0.0219
37.2779	0230	-0.0397	-0.0219
37.4415	0231	-0.0397	-0.0219
37.6056	0232	-0.0376	-0.0162
37.7738	0233	-0.0376	-0.0162
37.9410	0234	-0.0376	-0.0162
38.1254	0235	-0.0376	-0.0162
38.3215	0236	-0.0376	-0.0162
38.4377	0237	-0.0376	-0.0162
38.6047	0238	-0.0350	-0.0073
38.7728	0239	-0.0350	-0.0073
38.9386	0240	-0.0350	-0.0073
39.1066	0241	-0.0350	-0.0073
39.2732	0242	-0.0350	-0.0073
39.4396	0243	-0.0350	-0.0073
39.6065	0244	-0.0268	-0.0096
39.7721	0245	-0.0268	-0.0146
39.9548	0246	-0.0268	-0.0146
40.1461	0247	-0.0268	-0.0146
40.2940	0248	-0.0268	-0.0146
40.4381	0249	-0.0268	-0.0146
40.6072	0250	-0.0331	-0.0037
40.7738	0251	-0.0331	-0.0037
40.9414	0252	-0.0331	-0.0037
41.1079	0253	-0.0331	-0.0037
41.2790	0254	-0.0331	-0.0037
41.4396	0255	-0.0331	-0.0037
41.6055	0256	-0.0300	-0.0044
41.7712	0257	-0.0300	-0.0043
41.9424	0258	-0.0300	-0.0043
42.1083	0259	-0.0300	-0.0043
42.2950	0260	-0.0300	-0.0043
42.4417	0261	-0.0300	-0.0043
42.6073	0262	-0.0335	-0.0018
42.7716	0263	-0.0335	-0.0008
42.9392	0264	-0.0335	-0.0008
43.1231	0265	-0.0335	-0.0008
43.2746	0266	-0.0335	-0.0008
43.4394	0267	-0.0335	-0.0008
43.6057	0268	-0.0226	-0.0057
43.7721	0269	-0.0226	-0.0024
43.9395	0270	-0.0226	-0.0024
44.1055	0271	-0.0226	-0.0024
44.2762	0272	-0.0226	-0.0024
44.4390	0273	-0.0226	-0.0024
44.6059	0274	-0.0226	-0.0024
44.7736	0275	-0.0226	-0.0081
44.9402	0276	-0.0226	-0.0081
45.1063	0277	-0.0226	-0.0081
45.2750	0278	-0.0226	-0.0081
45.4383	0279	-0.0226	-0.0081
45.6072	0280	-0.0020	-0.0143
45.7729	0281	-0.0020	-0.0160
45.9591	0282	-0.0020	-0.0160
46.1069	0283	-0.0020	-0.0160
46.2729	0284	-0.0020	-0.0160
46.4393	0285	-0.0020	-0.0160
46.6222	0286	-0.0086	-0.0098
46.7936	0287	-0.0086	-0.0144
46.9400	0288	-0.0086	-0.0144
47.1106	0289	-0.0086	-0.0144
47.2972	0290	-0.0086	-0.0144
47.4392	0291	-0.0086	-0.0144
47.6063	0292	-0.0013	-0.0148
47.7752	0293	-0.0013	-0.0121
47.9419	0294	-0.0013	-0.0121
48.1133	0295	-0.0013	-0.0121
48.2731	0296	-0.0013	-0.0121
48.4399	0297	-0.0013	-0.0121
48.6255	0298	0.0011	-0.0108
48.7725	0299	0.0011	-0.0108
48.9395	0300	0.0011	-0.0108
49.1101	0301	0.0011	-0.0108
49.2729	0302	0.0011	-0.0108
49.4390	0303	0.0011	-0.0108
49.6138	0304	-0.0099	-0.0048
49.7727	0305	-0.0099	0.0045
49.8617	0306	-0.0099	0.0045
50.0256	0307	-0.0099	0.0045
50.1904	0308	-0.0099	0.0045
50.3585	0309	-0.0099	0.0045
50.5243	0310	-0.0092	0.0033
50.6941	0311	-0.0092	0.0004
50.8556	0312	-0.0092	0.0004
51.0186	0313	-0.0092	0.0004
51.1839	0314	-0.0092	0.0004
51.3499	0315	-0.0092	0.0004
51.5159	0316	-0.0102	0.0007
51.7004	0317	-0.0102	0.0051
51.8830	0318	-0.0102	0.0051
52.0116	0319	-0.0102	0.0051
52.1851	0320	-0.0102	0.0051
52.3456	0321	-0.0102	0.0051
52.5121	0322	-0.0197	0.0084
52.6838	0323	-0.0197	0.0119
52.8691	0324	-0.0197	0.0119
53.0061	0325	-0.0197	0.0119
53.1709	0326	-0.0197	0.0119
53.3405	0327	-0.0197	0.0119
53.5050	0328	-0.0242	0.0116
53.6843	0329	-0.0242	0.0082
53.8346	0330	-0.0242	0.0082
54.0398	0331	-0.0242	0.0082
54.1661	0332	-0.0242	0.0082
54.3327	0333	-0.0242	0.0082
54.5454	0334	-0.0135	0.0017
54.6622	0335	-0.0135	0.0025
54.8310	0336	-0.0135	0.0025
54.9989	0337	-0.0135	0.0025
55.1629	0338	-0.0135	0.0025
55.3277	0339	-0.0135	0.0025
55.4965	0340	-0.0101	0.0004
55.6644	0341	-0.0101	-0.0000
55.8205	0342	-0.0101	-0.0000
55.9863	0343	-0.0101	-0.0000
56.1519	0344	-0.0101	-0.0000
56.3182	0345	-0.0101	-0.0000
56.5251	0346	-0.0090	-0.0005
56.6497	0347	-0.0090	-0.0062
56.8151	0348	-0.0090	-0.0062
56.9972	0349	-0.0090	-0.0062
57.1486	0350	-0.0090	-0.0062
57.3176	0351	-0.0090	-0.0062
57.4789	0352	-0.0121	-0.0036
57.6423	0353	-0.0121	-0.0071
57.8080	0354	-0.0121	-0.0071
57.9737	0355	-0.0121	-0.0071
58.1419	0356	-0.0121	-0.0071
58.3365	0357	-0.0121	-0.0071
58.4716	0358	-0.0121	-0.0071
58.6396	0359	-0.0113	-0.0013
58.8319	0360	-0.0113	-0.0013
58.9674	0361	-0.0113	-0.0013
59.1372	0362	-0.0113	-0.0013
59.3072	0363	-0.0113	-0.0013
59.4658	0364	-0.0113	-0.0013
59.6306	0365	-0.0126	0.0015
59.8115	0366	-0.0126	0.0015
59.9645	0367	-0.0126	0.0015
60.1301	0368	-0.0126	0.0015
60.3453	0369	-0.0126	0.0015
60.4569	0370	-0.0126	0.0015
60.6240	0371	-0.0126	0.0028
60.7887	0372	-0.0126	0.0028
60.9574	0373	-0.0126	0.0028
61.1365	0374	-0.0126	0.0028
61.2912	0375	-0.0126	0.0028
61.4503	0376	-0.0126	0.0028
61.6379	0377	0.0237	0.0115
61.7821	0378	0.0237	0.0115
61.9508	0379	0.0237	0.0115
62.1188	0380	0.0237	0.0115
62.2813	0381	0.0237	0.0115
62.4447	0382	0.0237	0.0115
62.6094	0383	0.0136	0.0138
62.7761	0384	0.0136	0.0168
62.9435	0385	0.0136	0.0168
63.1182	0386	0.0136	0.0168
63.3358	0387	0.0136	0.0168
63.4460	0388	0.0136	0.0168
63.6068	0389	0.0196	0.0108
63.7745	0390	0.0196	0.0118
63.9414	0391	0.0196	0.0118
64.1270	0392	0.0196	0.0118
64.2750	0393	0.0196	0.0118
64.4420	0394	0.0196	0.0118
64.6108	0395	-0.0222	0.0044
64.7747	0396	-0.0222	0.0044
64.9427	0397	-0.0222	0.0044
65.1096	0398	-0.0222	0.0044
65.2761	0399	-0.0222	0.0044
65.4422	0400	-0.0222	0.0044
65.6071	0401	-0.0118	-0.0003
65.7738	0402	-0.0118	-0.0081
65.9411	0403	-0.0118	-0.0081
66.1205	0404	-0.0118	-0.0081
66.2881	0405	-0.0118	-0.0081
66.4581	0406	-0.0118	-0.0081
66.6077	0407	-0.0155	-0.0048
66.7752	0408	-0.0155	-0.0109
66.9420	0409	-0.0155	-0.0109
67.1281	0410	-0.0155	-0.0109
67.2753	0411	-0.0155	-0.0109
67.4423	0412	-0.0155	-0.0109
67.6232	0413	-0.0123	-0.0102
67.7778	0414	-0.0123	-0.0084
67.9628	0415	-0.0123	-0.0084
68.1167	0416	-0.0123	-0.0084
68.2802	0417	-0.0123	-0.0084
68.4427	0418	-0.0123	-0.0084
68.6235	0419	0.0138	0.0026
68.7755	0420	0.0138	0.0050
68.9429	0421	0.0138	0.0050
69.1126	0422	0.0138	0.0050
69.2796	0423	0.0138	0.0050
69.4591	0424	0.0138	0.0050
69.6355	0425	0.0047	0.0082
69.7775	0426	0.0047	0.0153
69.9436	0427	0.0047	0.0153
70.1273	0428	0.0047	0.0153
70.2765	0429	0.0047	0.0153
70.4570	0430	0.0047	0.0153
70.6091	0431	0.0095	0.0100
70.7754	0432	0.0095	0.0095
70.9458	0433	0.0095	0.0095
71.1314	0434	0.0095	0.0095
71.2765	0435	0.0095	0.0095
71.4453	0436	0.0095	0.0095
71.6099	0437	0.0021	0.0110
71.7753	0438	0.0021	0.0147
71.9424	0439	0.0021	0.0147
72.1326	0440	0.0021	0.0147
72.2775	0441	0.0021	0.0147
72.4635	0442	0.0021	0.0147
72.6094	0443	-0.0033	0.0142
72.7768	0444	-0.0033	0.0098
72.9441	0445	-0.0033	0.0098
73.1126	0446	-0.0033	0.0098
73.2772	0447	-0.0033	0.0098
73.4609	0448	-0.0033	0.0098
73.6089	0449	-0.0087	0.0103
73.7755	0450	-0.0087	0.0076
73.9436	0451	-0.0087	0.0076
74.1129	0452	-0.0087	0.0076
74.2764	0453	-0.0087	0.0076
74.4420	0454	-0.0087	0.0076
74.6084	0455	-0.0185	-0.0072
74.7765	0456	-0.0185	-0.0015
74.9428	0457	-0.0185	-0.0015
75.0607	0458	-0.0185	-0.0015
75.1959	0459	-0.0185	-0.0015
75.3616	0460	-0.0185	-0.0015
75.5271	0461	-0.0009	-0.0117
75.7220	0462	-0.0009	-0.0159
75.9008	0463	-0.0009	-0.0159
76.0223	0464	-0.0009	-0.0159
76.1918	0465	-0.0009	-0.0159
76.3544	0466	-0.0009	-0.0159
76.5288	0467	-0.0002	-0.0142
76.7127	0468	-0.0002	-0.0163
76.8529	0469	-0.0002	-0.0163
77.0579	0470	-0.0002	-0.0163
77.1839	0471	-0.0002	-0.0163
77.3481	0472	-0.0002	-0.0163
77.5223	0473	-0.0002	-0.0163
77.6813	0474	-0.0002	-0.0196
77.8500	0475	-0.0042	-0.0139
78.0543	0476	-0.0042	-0.0139
78.1765	0477	-0.0042	-0.0139
78.3429	0478	-0.0042	-0.0139
78.5140	0479	0.0024	-0.0129
78.6730	0480	0.0024	-0.0182
78.8404	0481	0.0024	-0.0182
79.0342	0482	0.0024	-0.0182
79.2080	0483	0.0024	-0.0182
79.3378	0484	0.0024	-0.0182
79.5096	0485	0.0024	-0.0182
79.7111	0486	0.0025	0.0027
79.8332	0487	0.0025	0.0027
80.0004	0488	0.0025	0.0027
80.1756	0489	0.0025	0.0027
80.3307	0490	0.0025	0.0027
80.4994	0491	0.0049	0.0011
80.6616	0492	0.0049	-0.0029
80.8559	0493	0.0049	-0.0029
80.9908	0494	0.0049	-0.0029
81.1565	0495	0.0049	-0.0029
81.3239	0496	0.0049	-0.0029
81.4889	0497	0.0039	-0.0018
81.6930	0498	0.0039	-0.0018
81.8187	0499	0.0039	-0.0018
81.9854	0500	0.0039	0.0032
82.1505	0501	0.0039	0.0032
82.3555	0502	0.0039	0.0032
82.4820	0503	0.0032	0.0078
82.6482	0504	0.0032	0.0057
82.8534	0505	0.0032	0.0057
82.9801	0506	0.0032	0.0057
83.1458	0507	0.0032	0.0057
83.3146	0508	0.0032	0.0057
83.4770	0509	-0.0014	0.0066
83.6422	0510	-0.0014	0.0066
83.8080	0511	-0.0014	0.0083
83.9736	0512	-0.0014	0.0083
84.1420	0513	-0.0014	0.0083
84.3031	0514	-0.0014	0.0083
84.4691	0515	-0.0014	0.0083
84.6346	0516	0.0056	-0.0004
84.8366	0517	0.0056	-0.0004
84.9672	0518	0.0056	-0.0004
85.1347	0519	0.0056	-0.0004
85.2977	0520	0.0056	-0.0004
85.5004	0521	-0.0025	0.0034
85.6311	0522	-0.0025	0.0037
85.7948	0523	-0.0025	0.0037
85.9589	0524	-0.0025	0.0037
86.1265	0525	-0.0025	0.0037
86.2948	0526	-0.0025	0.0037
86.4551	0527	-0.0025	0.0037
86.6218	0528	-0.0011	-0.0038
86.7878	0529	-0.0011	-0.0038
86.9553	0530	-0.0011	-0.0038
87.1517	0531	-0.0011	-0.0038
87.2832	0532	-0.0011	-0.0038
87.4542	0533	-0.0011	-0.0038
87.6193	0534	-0.0051	-0.0041
87.7834	0535	-0.0051	-0.0041
87.9474	0536	-0.0051	-0.0041
88.1163	0537	-0.0051	-0.0041
88.2933	0538	-0.0051	-0.0041
88.4784	0539	-0.0044	0.0014
88.6115	0540	-0.0044	0.0014
88.7764	0541	-0.0044	0.0118
88.9444	0542	-0.0044	0.0118
89.1145	0543	-0.0044	0.0118
89.2812	0544	-0.0044	0.0118
89.4447	0545	-0.0044	0.0118
89.6095	0546	-0.0058	0.0081
89.7763	0547	-0.0058	0.0081
89.9442	0548	-0.0058	0.0081
90.1131	0549	-0.0058	0.0081
90.3131	0550	-0.0058	0.0081
90.4430	0551	-0.0058	0.0081
90.6104	0552	0.0048	0.0016
90.7775	0553	0.0048	0.0029
90.9467	0554	0.0048	0.0029
91.1173	0555	0.0048	0.0029
91.2780	0556	0.0048	0.0029
91.4537	0557	0.0048	0.0029
91.6116	0558	-0.0071	0.0077
91.7791	0559	-0.0071	0.0074
91.9436	0560	-0.0071	0.0074
92.1542	0561	-0.0071	0.0074
92.2794	0562	-0.0071	0.0074
92.4436	0563	-0.0071	0.0074
92.6100	0564	-0.0059	0.0008
92.7769	0565	-0.0059	0.0008
92.9452	0566	-0.0059	0.0008
93.1168	0567	-0.0059	0.0008
93.2793	0568	-0.0059	0.0008
93.4441	0569	-0.0059	0.0008
93.6113	0570	-0.0059	0.0008
93.7977	0571	-0.0059	0.0000
93.9460	0572	-0.0125	0.0038
94.1533	0573	-0.0125	0.0038
94.2786	0574	-0.0125	0.0038
94.4451	0575	-0.0125	0.0038
94.6119	0576	-0.0262	0.0093
94.7774	0577	-0.0262	0.0175
94.9451	0578	-0.0262	0.0175
95.1259	0579	-0.0262	0.0175
95.2783	0580	-0.0262	0.0175
95.4478	0581	-0.0262	0.0175
95.6112	0582	-0.0319	0.0167
95.7812	0583	-0.0319	0.0141
95.9436	0584	-0.0319	0.0141
96.1145	0585	-0.0319	0.0141
96.2791	0586	-0.0319	0.0141
96.4451	0587	-0.0319	0.0141
96.6103	0588	-0.0388	0.0144
96.7785	0589	-0.0388	0.0187
96.9461	0590	-0.0388	0.0187
97.1208	0591	-0.0388	0.0187
97.3050	0592	-0.0388	0.0187
97.4452	0593	-0.0388	0.0187
97.6134	0594	-0.0424	0.0168
97.7786	0595	-0.0424	0.0168
97.9458	0596	-0.0424	0.0168
98.1148	0597	-0.0424	0.0172
98.2785	0598	-0.0424	0.0172
98.4592	0599	-0.0424	0.0172
98.6109	0600	-0.0427	0.0078
98.7789	0601	-0.0427	0.0037
98.9446	0602	-0.0427	0.0037
99.1161	0603	-0.0427	0.0037
99.2808	0604	-0.0427	0.0037
99.4445	0605	-0.0427	0.0037
99.6142	0606	-0.0314	-0.0023
99.7793	0607	-0.0314	-0.0044
99.9446	0608	-0.0314	-0.0044
100.1134	0609	-0.0314	-0.0044
100.3024	0610	-0.0314	-0.0044
100.3872	0611	-0.0314	-0.0044
100.5321	0612	-0.0353	-0.0017
100.7454	0613	-0.0353	-0.0043
100.8617	0614	-0.0353	-0.0043
101.0272	0615	-0.0353	-0.0043
101.2239	0616	-0.0353	-0.0043
101.3617	0617	-0.0353	-0.0043
101.5279	0618	-0.0306	-0.0257
101.6897	0619	-0.0306	-0.0269
101.8587	0620	-0.0306	-0.0269
102.0304	0621	-0.0306	-0.0269
102.1877	0622	-0.0306	-0.0269
102.3562	0623	-0.0306	-0.0269
102.5714	0624	-0.0350	-0.0195
102.6844	0625	-0.0350	-0.0183
102.8971	0626	-0.0350	-0.0183
103.0148	0627	-0.0350	-0.0183
103.1852	0628	-0.0350	-0.0183
103.3470	0629	-0.0350	-0.0183
103.5144	0630	-0.0350	-0.0183
103.6782	0631	-0.0068	-0.0225
103.8922	0632	-0.0068	-0.0225
104.0085	0633	-0.0068	-0.0225
104.1759	0634	-0.0068	-0.0225
104.3432	0635	-0.0068	-0.0225
104.5147	0636	-0.0068	-0.0225
104.6711	0637	0.0056	-0.0260
104.8620	0638	0.0056	-0.0260
105.0420	0639	0.0056	-0.0260
105.1693	0640	0.0056	-0.0260
105.3372	0641	0.0056	-0.0260
105.5092	0642	0.0118	-0.0237
105.6787	0643	0.0118	-0.0245
105.8681	0644	0.0118	-0.0245
106.0379	0645	0.0118	-0.0245
106.2050	0646	0.0118	-0.0245
106.3271	0647	0.0118	-0.0245
106.4931	0648	0.0099	-0.0187
106.6830	0649	0.0099	-0.0258
106.8239	0650	0.0099	-0.0258
106.9913	0651	0.0099	-0.0258
107.1589	0652	0.0099	-0.0258
107.3582	0653	0.0099	-0.0258
107.4872	0654	0.0176	-0.0242
107.6640	0655	0.0176	-0.0242
107.8171	0656	0.0176	-0.0139
107.9828	0657	0.0176	-0.0139
108.1501	0658	0.0176	-0.0139
108.3147	0659	0.0176	-0.0139
108.4810	0660	0.0176	-0.0139
108.6473	0661	0.0126	-0.0089
108.8124	0662	0.0126	-0.0041
108.9818	0663	0.0126	-0.0041
109.1457	0664	0.0126	-0.0041
109.3142	0665	0.0126	-0.0041
109.4721	0666	0.0126	-0.0041
109.6389	0667	0.0126	-0.0006
109.8048	0668	0.0126	-0.0006
109.9726	0669	0.0126	-0.0006
110.1408	0670	0.0162	0.0292
110.3048	0671	0.0162	0.0292
110.4667	0672	0.0162	0.0292
110.6330	0673	0.0127	0.0206
110.7993	0674	0.0127	0.0206
110.9650	0675	0.0127	0.0206
111.1303	0676	0.0127	0.0206
111.2947	0677	0.0127	0.0206
111.4592	0678	0.0127	0.0206
111.6258	0679	0.0158	0.0139
111.7907	0680	0.0158	0.0139
111.9596	0681	0.0158	0.0139
112.1339	0682	0.0158	0.0139
112.2999	0683	0.0158	0.0139
112.4532	0684	0.0158	0.0139
112.6334	0685	0.0219	0.0083
112.7846	0686	0.0219	-0.0020
112.9527	0687	0.0219	-0.0020
113.1248	0688	0.0219	-0.0020
113.2846	0689	0.0219	-0.0020
113.4505	0690	0.0219	-0.0020
113.6128	0691	0.0221	-0.0017
113.7792	0692	0.0221	-0.0017
113.9476	0693	0.0221	-0.0017
114.1212	0694	0.0221	-0.0017
114.2795	0695	0.0221	-0.0034
114.4457	0696	0.0221	-0.0034
114.6124	0697	0.0145	0.0008
114.7802	0698	0.0145	-0.0010
114.9467	0699	0.0145	-0.0010
115.1139	0700	0.0145	-0.0010
115.2799	0701	0.0145	-0.0010
115.4701	0702	0.0145	-0.0010
115.6132	0703	0.0090	0.0017
115.7824	0704	0.0090	0.0039
115.9487	0705	0.0090	0.0039
116.1176	0706	0.0090	0.0039
116.3140	0707	0.0090	0.0039
116.4462	0708	0.0090	0.0039
116.6140	0709	-0.0042	0.0091
116.7829	0710	-0.0042	0.0149
116.9473	0711	-0.0042	0.0149
117.1395	0712	-0.0042	0.0149
117.2796	0713	-0.0042	0.0149
117.4639	0714	-0.0042	0.0149
117.6131	0715	-0.0149	0.0169
117.8000	0716	-0.0149	0.0211
117.9472	0717	-0.0149	0.0211
118.1466	0718	-0.0149	0.0211
118.3036	0719	-0.0149	0.0211
118.4470	0720	-0.0149	0.0211
118.6137	0721	-0.0309	0.0241
118.7798	0722	-0.0309	0.0258
118.9485	0723	-0.0309	0.0258
119.1262	0724	-0.0309	0.0258
119.2801	0725	-0.0309	0.0258
119.4474	0726	-0.0309	0.0258
119.6146	0727	-0.0212	0.0163
119.7821	0728	-0.0212	0.0173
119.9470	0729	-0.0212	0.0173
120.1300	0730	-0.0212	0.0173
120.3035	0731	-0.0212	0.0173
120.4565	0732	-0.0212	0.0173
120.6130	0733	-0.0240	0.0151
120.7812	0734	-0.0240	0.0113
120.9488	0735	-0.0240	0.0113
121.1185	0736	-0.0240	0.0113
121.2837	0737	-0.0240	0.0113
121.4463	0738	-0.0240	0.0113
121.6228	0739	-0.0355	0.0012
121.7798	0740	-0.0355	-0.0009
121.9596	0741	-0.0355	-0.0009
122.1169	0742	-0.0355	-0.0009
122.2837	0743	-0.0355	-0.0009
122.4631	0744	-0.0355	-0.0009
122.6145	0745	-0.0256	-0.0052
122.7821	0746	-0.0256	-0.0119
122.9485	0747	-0.0256	-0.0119
123.1171	0748	-0.0256	-0.0119
123.2807	0749	-0.0256	-0.0119
123.4525	0750	-0.0256	-0.0119
123.6162	0751	-0.0165	-0.0136
123.7824	0752	-0.0165	-0.0078
123.9481	0753	-0.0165	-0.0078
124.1259	0754	-0.0165	-0.0078
124.3012	0755	-0.0165	-0.0078
124.4660	0756	-0.0165	-0.0078
124.6138	0757	-0.0149	-0.0070
124.7806	0758	-0.0149	-0.0066
124.9573	0759	-0.0149	-0.0066
125.1153	0760	-0.0149	-0.0066
125.2935	0761	-0.0149	-0.0066
125.3728	0762	-0.0149	-0.0066
125.5372	0763	-0.0149	-0.0066
125.7432	0764	-0.0149	-0.0156
125.8663	0765	-0.0149	-0.0156
126.0326	0766	-0.0149	-0.0156
126.2006	0767	-0.0149	-0.0156
126.3664	0768	-0.0103	-0.0144
126.5339	0769	-0.0072	-0.0129
126.6964	0770	-0.0072	-0.0104
126.8609	0771	-0.0072	-0.0104
127.0652	0772	-0.0072	-0.0104
127.1936	0773	-0.0072	-0.0104
127.3614	0774	-0.0072	-0.0104
127.5264	0775	-0.0105	-0.0068
127.7327	0776	-0.0105	-0.0034
127.8555	0777	-0.0105	-0.0034
128.0190	0778	-0.0105	-0.0034
128.1846	0779	-0.0105	-0.0034
128.3512	0780	-0.0105	-0.0034
128.5246	0781	-0.0001	-0.0074
128.6857	0782	-0.0001	-0.0084
128.8518	0783	-0.0001	-0.0084
129.0132	0784	-0.0001	-0.0084
129.1775	0785	-0.0001	-0.0084
129.3461	0786	-0.0001	-0.0084
129.5209	0787	0.0002	-0.0068
129.6773	0788	0.0002	-0.0068
129.8834	0789	0.0002	-0.0068
130.0065	0790	0.0002	-0.0068
130.1978	0791	0.0002	-0.0068
130.3413	0792	0.0002	-0.0068
130.5038	0793	-0.0141	0.0017
130.6697	0794	-0.0141	0.0039
130.8741	0795	-0.0141	0.0039
131.0017	0796	-0.0141	0.0039
131.1803	0797	-0.0141	0.0039
131.3379	0798	-0.0141	0.0039
131.4974	0799	-0.0228	0.0070
131.7065	0800	-0.0228	0.0069
131.8673	0801	-0.0228	0.0069
131.9953	0802	-0.0228	0.0069
132.1622	0803	-0.0228	0.0069
132.3715	0804	-0.0228	0.0069
132.4925	0805	-0.0113	0.0004
132.7031	0806	-0.0113	0.0064
132.8230	0807	-0.0113	0.0064
132.9880	0808	-0.0113	0.0064
133.1560	0809	-0.0113	0.0064
133.3317	0810	-0.0113	0.0064
133.4844	0811	-0.0142	0.0064
133.6519	0812	-0.0142	0.0082
133.8276	0813	-0.0142	0.0082
133.9811	0814	-0.0142	0.0082
134.1532	0815	-0.0142	0.0082
134.3149	0816	-0.0142	0.0082
134.4776	0817	-0.0142	0.0082
134.6428	0818	-0.0059	-0.0046
134.8091	0819	-0.0059	-0.0046
134.9758	0820	-0.0059	-0.0046
135.1432	0821	-0.0059	-0.0046
135.3134	0822	-0.0059	-0.0046
135.4712	0823	-0.0059	-0.0046
135.6363	0824	0.0122	-0.0201
135.8020	0825	0.0122	-0.0201
135.9699	0826	0.0122	-0.0201
136.1347	0827	0.0122	-0.0201
136.3000	0828	0.0122	-0.0201
136.4652	0829	0.0122	-0.0201
136.6623	0830	0.0131	-0.0138
136.7982	0831	0.0131	-0.0138
136.9618	0832	0.0131	-0.0138
137.1783	0833	0.0131	-0.0138
137.3375	0834	0.0131	-0.0138
137.4595	0835	0.0131	-0.0138
137.6267	0836	-0.0140	-0.0223
137.7889	0837	-0.0140	-0.0223
137.9578	0838	-0.0140	-0.0223
138.1273	0839	-0.0140	-0.0223
138.2969	0840	-0.0140	-0.0223
138.4534	0841	-0.0140	-0.0223
138.6180	0842	0.0013	-0.0248
138.7825	0843	0.0013	-0.0253
138.9516	0844	0.0013	-0.0253
139.1238	0845	0.0013	-0.0253
139.2858	0846	0.0013	-0.0253
139.4494	0847	0.0013	-0.0253
139.6152	0848	0.0102	-0.0243
139.7831	0849	0.0102	-0.0192
139.9513	0850	0.0102	-0.0192
140.1188	0851	0.0102	-0.0192
140.2824	0852	0.0102	-0.0192
140.4499	0853	0.0102	-0.0192
140.6155	0854	0.0186	-0.0192
140.7843	0855	0.0186	-0.0227
140.9508	0856	0.0186	-0.0227
141.1158	0857	0.0186	-0.0227
141.2840	0858	0.0186	-0.0227
141.4497	0859	0.0186	-0.0227
141.6173	0860	0.0186	-0.0227
141.7846	0861	0.0186	-0.0249
141.9497	0862	0.0186	-0.0249
142.1182	0863	0.0186	-0.0249
142.3191	0864	0.0186	-0.0249
142.4690	0865	0.0186	-0.0249
142.6178	0866	-0.0336	-0.0043
142.7867	0867	-0.0336	-0.0025
142.9510	0868	-0.0336	-0.0025
143.1314	0869	-0.0336	-0.0025
143.3105	0870	-0.0336	-0.0025
143.4491	0871	-0.0336	-0.0025
143.6173	0872	-0.0406	0.0012
143.7852	0873	-0.0406	0.0008
143.9505	0874	-0.0406	0.0008
144.1213	0875	-0.0406	0.0008
144.2977	0876	-0.0406	0.0008
144.4651	0877	-0.0406	0.0008
144.6331	0878	0.0455	-0.0161
144.7843	0879	0.0455	-0.0152
144.9506	0880	0.0455	-0.0152
145.1228	0881	0.0455	-0.0152
145.3063	0882	0.0455	-0.0152
145.4500	0883	0.0455	-0.0152
145.6179	0884	0.0410	-0.0101
145.7832	0885	0.0410	-0.0101
145.9616	0886	0.0410	-0.0101
146.1217	0887	0.0410	-0.0101
146.2843	0888	0.0410	-0.0101
146.4498	0889	0.0410	-0.0101
146.6167	0890	0.0551	-0.0138
146.7847	0891	0.0551	-0.0051
146.9496	0892	0.0551	-0.0051
147.1214	0893	0.0551	-0.0051
147.3112	0894	0.0551	-0.0051
147.4625	0895	0.0551	-0.0051
147.6171	0896	0.0594	-0.0060
147.7871	0897	0.0594	-0.0057
147.9519	0898	0.0594	-0.0057
148.1249	0899	0.0594	-0.0057
148.2831	0900	0.0594	-0.0057
148.4594	0901	0.0594	-0.0057
148.6316	0902	-0.0604	0.0090
148.7852	0903	-0.0604	0.0032
148.9517	0904	-0.0604	0.0032
149.1436	0905	-0.0604	0.0032
149.2846	0906	-0.0604	0.0032
149.4669	0907	-0.0604	0.0032
149.6195	0908	-0.0567	-0.0092
149.7860	0909	-0.0567	-0.0169
149.9507	0910	-0.0567	-0.0169
150.1204	0911	-0.0567	-0.0169
150.2846	0912	-0.0567	-0.0169
150.4515	0913	-0.0567	-0.0169
150.6163	0914	-0.0649	-0.0097
150.7947	0915	-0.0649	-0.0068
150.8720	0916	-0.0649	-0.0068
151.0377	0917	-0.0649	-0.0068
151.2016	0918	-0.0649	-0.0068
151.3672	0919	-0.0649	-0.0068
151.5340	0920	-0.0412	-0.0163
151.7012	0921	-0.0412	-0.0209
151.8648	0922	-0.0412	-0.0209
152.0294	0923	-0.0412	-0.0209
152.1952	0924	-0.0412	-0.0209
152.3611	0925	-0.0412	-0.0209
152.5319	0926	-0.0478	-0.0136
152.6939	0927	-0.0478	-0.0076
152.8590	0928	-0.0478	-0.0076
153.0239	0929	-0.0478	-0.0076
153.1899	0930	-0.0478	-0.0076
153.3562	0931	-0.0478	-0.0076
153.5268	0932	-0.0498	-0.0051
153.6890	0933	-0.0498	-0.0039
153.8610	0934	-0.0498	-0.0039
154.0176	0935	-0.0498	-0.0039
154.1830	0936	-0.0498	-0.0039
154.3547	0937	-0.0498	-0.0039
154.5325	0938	-0.0493	-0.0033
154.6822	0939	-0.0493	-0.0089
154.8891	0940	-0.0493	-0.0089
155.0131	0941	-0.0493	-0.0089
155.1775	0942	-0.0493	-0.0089
155.3891	0943	-0.0493	-0.0089
155.5080	0944	-0.0404	-0.0112
155.6965	0945	-0.0404	-0.0005
155.8384	0946	-0.0404	-0.0005
156.0103	0947	-0.0404	-0.0005
156.1712	0948	-0.0404	-0.0005
156.3481	0949	-0.0404	-0.0005
156.5442	0950	-0.0353	-0.0026
156.7161	0951	-0.0353	-0.0070
156.8605	0952	-0.0353	-0.0070
156.9977	0953	-0.0353	-0.0070
157.1923	0954	-0.0353	-0.0070
157.3338	0955	-0.0353	-0.0070
157.4957	0956	-0.0410	-0.0031
157.6628	0957	-0.0410	-0.0050
157.8257	0958	-0.0410	-0.0050
158.0033	0959	-0.0410	-0.0050
158.1577	0960	-0.0410	-0.0050
158.3304	0961	-0.0410	-0.0050
158.4907	0962	-0.0410	-0.0050
158.6563	0963	-0.0410	-0.0062
158.8187	0964	-0.0447	-0.0026
158.9843	0965	-0.0447	-0.0026
159.1575	0966	-0.0447	-0.0026
159.3419	0967	-0.0447	-0.0026
159.4816	0968	-0.0447	-0.0026
159.6871	0969	-0.0434	0.0017
159.8157	0970	-0.0434	0.0017
159.9792	0971	-0.0434	0.0017
160.1818	0972	-0.0434	0.0017
160.3106	0973	-0.0434	0.0017
160.5173	0974	-0.0440	0.0017
160.6760	0975	-0.0440	0.0049
160.8068	0976	-0.0440	0.0049
160.9770	0977	-0.0440	0.0049
161.1394	0978	-0.0440	0.0049
161.3160	0979	-0.0440	0.0049
161.4710	0980	-0.0440	0.0049
161.6745	0981	-0.0462	0.0029
161.8018	0982	-0.0462	0.0029
161.9670	0983	-0.0462	0.0029
162.1876	0984	-0.0462	0.0029
162.3405	0985	-0.0462	0.0029
162.4640	0986	-0.0462	0.0029
162.6332	0987	-0.0372	-0.0017
162.7939	0988	-0.0372	-0.0017
162.9627	0989	-0.0372	-0.0043
163.1673	0990	-0.0372	-0.0043
163.2908	0991	-0.0372	-0.0043
163.4614	0992	-0.0372	-0.0043
163.6669	0993	-0.0362	-0.0039
163.7881	0994	-0.0362	-0.0040
163.9591	0995	-0.0362	-0.0040
164.1289	0996	-0.0362	-0.0040
164.2862	0997	-0.0362	-0.0040
164.5005	0998	-0.0058	-0.0171
164.6192	0999	-0.0058	-0.0219
164.7928	1000	-0.0058	-0.0219
164.9861	1001	-0.0058	-0.0219
165.1196	1002	-0.0058	-0.0219
165.2868	1003	-0.0058	-0.0219
165.4538	1004	-0.0058	-0.0219
165.6186	1005	-0.0025	-0.0189
165.7849	1006	-0.0025	-0.0249
165.9545	1007	-0.0025	-0.0249
166.1275	1008	-0.0025	-0.0249
166.2879	1009	-0.0025	-0.0249
166.4547	1010	-0.0025	-0.0249
166.6615	1011	-0.0035	-0.0195
166.7850	1012	-0.0035	-0.0192
166.9555	1013	-0.0035	-0.0192
167.1239	1014	-0.0035	-0.0192
167.3101	1015	-0.0035	-0.0192
167.4767	1016	-0.0035	-0.0192
167.6187	1017	-0.0004	-0.0167
167.7854	1018	-0.0004	-0.0204
167.9535	1019	-0.0004	-0.0204
168.1346	1020	-0.0004	-0.0204
168.2880	1021	-0.0004	-0.0204
168.4518	1022	-0.0004	-0.0204
168.6188	1023	-0.0003	-0.0031
168.7860	1024	-0.0003	-0.0031
168.9523	1025	-0.0003	-0.0031
169.1464	1026	-0.0003	-0.0031
169.2864	1027	-0.0003	-0.0031
169.4694	1028	-0.0003	-0.0031
169.6193	1029	-0.0174	0.0051
169.7876	1030	-0.0174	0.0083
169.9536	1031	-0.0174	0.0083
170.1224	1032	-0.0174	0.0083
170.2867	1033	-0.0174	0.0083
170.4558	1034	-0.0174	0.0083
170.6317	1035	-0.0062	0.0017
170.7855	1036	-0.0062	0.0015
170.9536	1037	-0.0062	0.0015
171.1236	1038	-0.0062	0.0015
171.3090	1039	-0.0062	0.0015
171.4524	1040	-0.0062	0.0015
171.6190	1041	-0.0152	0.0052
171.7855	1042	-0.0152	0.0083
171.9530	1043	-0.0152	0.0083
172.1389	1044	-0.0152	0.0083
172.3069	1045	-0.0152	0.0083
172.4521	1046	-0.0152	0.0083
172.6272	1047	-0.0114	0.0050
172.7869	1048	-0.0114	0.0063
172.9553	1049	-0.0114	0.0063
173.1216	1050	-0.0114	0.0063
173.2869	1051	-0.0114	0.0063
173.4706	1052	-0.0114	0.0063
173.6202	1053	-0.0050	0.0021
173.7897	1054	-0.0050	-0.0071
173.9567	1055	-0.0050	-0.0071
174.1218	1056	-0.0050	-0.0071
174.3101	1057	-0.0050	-0.0071
174.4532	1058	-0.0050	-0.0071
174.6225	1059	-0.0050	-0.0071
174.7869	1060	-0.0050	-0.0009
174.9549	1061	-0.0077	0.0009
175.1326	1062	-0.0077	0.0009
175.3058	1063	-0.0077	0.0009
175.4531	1064	-0.0077	0.0009
175.6214	1065	-0.0057	-0.0002
175.7864	1066	-0.0057	-0.0054
175.9539	1067	-0.0057	-0.0054
176.0621	1068	-0.0057	-0.0054
176.2104	1069	-0.0057	-0.0054
176.3725	1070	-0.0057	-0.0054
176.5535	1071	0.0039	-0.0087
176.7084	1072	0.0039	-0.0087
176.8778	1073	0.0039	-0.0087
177.0375	1074	0.0039	-0.0087
177.2286	1075	0.0039	-0.0087
177.3700	1076	0.0039	-0.0087
177.5342	1077	-0.0058	-0.0084
177.7019	1078	-0.0058	-0.0069
177.9120	1079	-0.0058	-0.0069
178.0468	1080	-0.0058	-0.0069
178.1936	1081	-0.0058	-0.0069
178.3621	1082	-0.0058	-0.0069
178.5532	1083	-0.0012	-0.0017
178.7362	1084	-0.0012	-0.0017
178.8568	1085	-0.0012	-0.0017
179.0662	1086	-0.0012	-0.0037
179.2269	1087	-0.0012	-0.0037
179.3552	1088	-0.0012	-0.0037
179.5205	1089	-0.0077	0.0000
179.7342	1090	-0.0077	0.0011
179.8569	1091	-0.0077	0.0011
180.0170	1092	-0.0077	0.0011
180.1828	1093	-0.0077	0.0011
180.3490	1094	-0.0077	0.0011
180.5575	1095	-0.0078	0.0009
180.6786	1096	-0.0078	0.0066
180.8852	1097	-0.0078	0.0066
181.0116	1098	-0.0078	0.0066
181.1772	1099	-0.0078	0.0066
181.3418	1100	-0.0078	0.0066
181.5141	1101	-0.0018	-0.0033
181.7272	1102	-0.0018	-0.0023
181.8406	1103	-0.0018	-0.0023
182.0049	1104	-0.0018	-0.0023
182.1747	1105	-0.0018	-0.0023
182.3721	1106	-0.0018	-0.0023
182.4992	1107	-0.0019	-0.0018
182.7100	1108	-0.0019	-0.0070
182.8392	1109	-0.0019	-0.0070
182.9950	1110	-0.0019	-0.0070
183.1624	1111	-0.0019	-0.0070
183.3389	1112	-0.0019	-0.0070
183.4975	1113	-0.0041	-0.0047
183.6588	1114	-0.0041	-0.0096
183.8246	1115	-0.0041	-0.0096
183.9955	1116	-0.0041	-0.0096
184.1607	1117	-0.0041	-0.0096
184.3341	1118	-0.0041	-0.0096
184.4899	1119	-0.0029	-0.0022
184.6904	1120	-0.0029	-0.0028
184.8571	1121	-0.0029	-0.0028
184.9827	1122	-0.0029	-0.0028
185.1523	1123	-0.0029	-0.0028
185.3191	1124	-0.0029	-0.0028
185.4821	1125	-0.0033	-0.0021
185.6476	1126	-0.0033	0.0083
185.8106	1127	-0.0033	0.0083
185.9782	1128	-0.0033	0.0083
186.1466	1129	-0.0033	0.0083
186.3120	1130	-0.0033	0.0083
186.4778	1131	-0.0033	0.0083
186.6568	1132	-0.0166	0.0158
186.8042	1133	-0.0166	0.0158
186.9712	1134	-0.0166	0.0158
187.1379	1135	-0.0166	0.0158
187.3045	1136	-0.0166	0.0158
187.4691	1137	-0.0166	0.0158
187.6324	1138	-0.0292	0.0218
187.7974	1139	-0.0292	0.0218
187.9636	1140	-0.0292	0.0218
188.1355	1141	-0.0292	0.0218
188.3026	1142	-0.0292	0.0218
188.4604	1143	-0.0292	0.0218
188.6259	1144	-0.0381	0.0202
188.8028	1145	-0.0381	0.0202
188.9610	1146	-0.0381	0.0202
189.1356	1147	-0.0381	0.0202
189.3133	1148	-0.0381	0.0202
189.4543	1149	-0.0381	0.0202
189.6630	1150	-0.0451	0.0237
189.7902	1151	-0.0451	0.0237
189.9577	1152	-0.0451	0.0237
190.1306	1153	-0.0451	0.0237
190.3291	1154	-0.0451	0.0237
190.4545	1155	-0.0451	0.0237
190.6583	1156	-0.0451	0.0237
190.7891	1157	-0.0451	0.0216
190.9691	1158	-0.0451	0.0216
191.1244	1159	-0.0451	0.0216
191.3273	1160	-0.0579	0.0239
191.4573	1161	-0.0579	0.0239
191.6210	1162	-0.0573	0.0188
191.8045	1163	-0.0573	0.0164
191.9579	1164	-0.0573	0.0164
192.1246	1165	-0.0573	0.0164
192.2900	1166	-0.0573	0.0164
192.4547	1167	-0.0573	0.0164
192.6312	1168	-0.0309	0.0008
192.7890	1169	-0.0309	-0.0042
192.9583	1170	-0.0309	-0.0042
193.1481	1171	-0.0309	-0.0042
193.2886	1172	-0.0309	-0.0042
193.4559	1173	-0.0309	-0.0042
193.6219	1174	-0.0339	-0.0020
193.8056	1175	-0.0339	-0.0065
193.9580	1176	-0.0339	-0.0065
194.1255	1177	-0.0339	-0.0065
194.2894	1178	-0.0339	-0.0065
194.4554	1179	-0.0339	-0.0065
194.6230	1180	-0.0248	-0.0255
194.7898	1181	-0.0248	-0.0255
194.9557	1182	-0.0248	-0.0255
195.1247	1183	-0.0248	-0.0255
195.3166	1184	-0.0248	-0.0255
195.4562	1185	-0.0248	-0.0344
195.6225	1186	-0.0253	-0.0275
195.7883	1187	-0.0253	-0.0293
195.9578	1188	-0.0253	-0.0293
196.1239	1189	-0.0253	-0.0293
196.3074	1190	-0.0253	-0.0293
196.4577	1191	-0.0253	-0.0293
196.6217	1192	-0.0366	-0.0205
196.7941	1193	-0.0366	-0.0035
196.9550	1194	-0.0366	-0.0035
197.1320	1195	-0.0366	-0.0035
197.3117	1196	-0.0366	-0.0035
197.4742	1197	-0.0366	-0.0035
197.6230	1198	-0.0345	-0.0048
197.7896	1199	-0.0345	-0.0017
197.9577	1200	-0.0345	-0.0017
198.1280	1201	-0.0345	-0.0017
198.2889	1202	-0.0345	-0.0017
198.4559	1203	-0.0345	-0.0017
198.6378	1204	-0.0411	0.0043
198.7894	1205	-0.0411	0.0258
198.9587	1206	-0.0411	0.0258
199.1466	1207	-0.0411	0.0258
199.2898	1208	-0.0411	0.0258
199.4571	1209	-0.0411	0.0258
199.6230	1210	-0.0423	0.0279
199.7942	1211	-0.0423	0.0820
199.9557	1212	-0.0423	0.0820
200.1224	1213	-0.0423	0.0820
200.3117	1214	-0.0423	0.0820
200.4569	1215	-0.0423	0.0820
200.6237	1216	-0.0394	0.0677
200.7892	1217	-0.0394	0.3050
200.9600	1218	-0.0394	0.3050
201.1242	1219	-0.0394	0.3050
201.2923	1220	-0.0394	0.3050
201.3812	1221	-0.0394	0.3050
201.5444	1222	-0.0390	0.4504
201.7123	1223	-0.0390	2.3390
201.9212	1224	-0.0390	2.3390
202.0402	1225	-0.0390	2.3390
202.2052	1226	-0.0390	2.3390
202.3740	1227	-0.0390	2.3390
202.5376	1228	-0.0390	2.3390
202.7584	1229	-0.0390	-2.8593
202.8699	1230	-0.0390	-2.8593
203.0336	1231	-0.0390	-2.8593
