dt(cam)	frame	LO	AO
0.0000	0000	-3.0777	-0.1122
0.0010	0001	-3.0756	-0.1123
0.0037	0002	-3.0748	-0.1122
0.0052	0003	-3.0748	-0.1122
0.0088	0004	-3.0748	-0.1122
0.0098	0005	-3.0748	-0.1122
0.0117	0006	-3.0748	-0.1122
0.0165	0007	-3.0748	-0.1123
0.0349	0008	-3.0748	-0.1123
0.0381	0009	-3.0748	-0.1123
0.0396	0010	-3.0748	-0.1123
0.0405	0011	-3.0748	-0.1123
0.0829	0012	-3.0748	-0.1123
0.0832	0013	-3.0748	-0.1123
0.0836	0014	-3.0748	-0.1123
0.0846	0015	-3.0748	-0.1123
0.0848	0016	-3.0748	-0.1123
0.0851	0017	-3.0748	-0.1123
0.0852	0018	-3.0748	-0.1123
0.0856	0019	-3.0748	-0.1123
0.0863	0020	-3.0748	-0.1123
0.0873	0021	-3.0748	-0.1123
0.0953	0022	-3.0748	-0.1123
0.0969	0023	-3.0748	-0.1123
0.1097	0024	-3.0748	-0.1123
0.1304	0025	-3.0748	-0.1123
0.1338	0026	-3.0748	-0.1123
0.1360	0027	-3.0748	-0.1123
0.1373	0028	-3.0748	-0.1123
0.1379	0029	-3.0748	-0.1123
0.1385	0030	-3.0748	-0.1123
0.1390	0031	-3.0748	-0.1123
0.1396	0032	-3.0748	-0.1123
0.1401	0033	-3.0748	-0.1123
0.1412	0034	-3.0748	-0.1123
0.1473	0035	-3.0748	-0.1123
0.1510	0036	-3.0748	-0.1123
0.1580	0037	-3.0748	-0.1123
0.1601	0038	-3.0748	-0.1123
0.1610	0039	-3.0748	-0.1123
0.1654	0040	-3.0748	-0.1123
0.1759	0041	-3.0748	-0.1123
0.1762	0042	-3.0748	-0.1123
0.1778	0043	-3.0748	-0.1123
0.1807	0044	-3.0748	-0.1123
0.1829	0045	-3.0748	-0.1123
0.1836	0046	-3.0748	-0.1123
0.2448	0047	-3.0748	-0.1122
0.4124	0048	-3.0754	-0.1121
0.5847	0049	-3.0754	-0.1121
0.7531	0050	-3.0754	-0.1121
0.9087	0051	-3.0754	-0.1121
1.0790	0052	-3.0754	-0.1121
1.2326	0053	-3.0758	-0.1121
1.4122	0054	-3.0758	-0.1120
1.5992	0055	-3.0758	-0.1121
1.7329	0056	-3.0758	-0.1121
1.9246	0057	-3.0758	-0.1119
2.1020	0058	-2.8863	-0.1120
2.2540	0059	-2.8863	-0.1125
2.4264	0060	-2.8863	-0.1147
2.5807	0061	-2.8863	-0.1144
2.7314	0062	-2.8863	-0.1149
2.8928	0063	-2.8863	-0.1156
3.0994	0064	-2.7658	-0.1176
3.2238	0065	-2.7658	-0.1180
3.4355	0066	-2.7658	-0.1187
3.5559	0067	-2.7658	-0.1193
3.7294	0068	-2.7658	-0.1193
3.8908	0069	-2.7658	-0.1207
4.0951	0070	-2.5815	-0.1210
4.2234	0071	-2.5815	-0.1211
4.4325	0072	-2.5815	-0.1223
4.5585	0073	-2.5815	-0.1228
4.7224	0074	-2.5815	-0.1231
4.8924	0075	-2.5815	-0.1234
5.0634	0076	-2.2346	-0.1225
5.2334	0077	-2.2346	-0.1228
5.4240	0078	-2.2346	-0.1294
5.5601	0079	-2.2346	-0.1383
5.7262	0080	-2.2346	-0.1563
5.9270	0081	-2.2346	-0.1670
6.0720	0082	1.8963	-0.1695
6.2518	0083	1.8963	-0.1705
6.3904	0084	1.8963	-0.1706
6.5565	0085	1.8963	-0.1723
6.7397	0086	1.8963	-0.1735
6.8911	0087	1.8963	-0.1744
7.0841	0088	1.8963	-0.1762
7.2243	0089	-1.5924	-0.1773
7.3903	0090	-1.5924	-0.1774
7.5587	0091	-1.5924	-0.1646
7.7232	0092	-1.5924	-0.1634
7.8883	0093	-1.5924	-0.1631
8.0581	0094	1.2798	-0.1621
8.2242	0095	1.2798	-0.1631
8.3893	0096	1.2798	-0.1629
8.5549	0097	1.2798	-0.1632
8.7217	0098	1.2798	-0.1638
8.9073	0099	1.2798	-0.1589
9.0577	0100	0.9909	-0.1568
9.2230	0101	0.9909	-0.1561
9.3900	0102	0.9909	-0.1577
9.5552	0103	0.9909	-0.1539
9.7246	0104	0.9909	-0.1542
9.8898	0105	0.9909	-0.1548
10.0612	0106	0.9909	-0.1553
10.2295	0107	0.6718	-0.1581
10.4058	0108	0.6718	-0.1604
10.5562	0109	0.6718	-0.1614
10.7258	0110	0.6718	-0.1635
10.9211	0111	0.6718	-0.1654
11.0733	0112	0.6718	-0.1666
11.2232	0113	0.3420	-0.1674
11.3937	0114	0.3420	-0.1677
11.5561	0115	0.3420	-0.1649
11.7264	0116	0.3420	-0.1652
11.8931	0117	0.3420	-0.1593
12.0768	0118	0.0325	-0.1603
12.2524	0119	0.0325	-0.1603
12.3890	0120	0.0325	-0.1612
12.5561	0121	0.0325	-0.1600
12.7354	0122	0.0325	-0.1612
12.8892	0123	0.0325	-0.1484
13.0630	0124	0.0219	-0.1422
13.2219	0125	0.0219	-0.1337
13.3881	0126	0.0219	-0.1339
13.5767	0127	0.0219	-0.1346
13.7207	0128	0.0219	-0.1355
13.8894	0129	0.0219	-0.1376
14.0572	0130	0.0332	-0.1405
14.2421	0131	0.0332	-0.1420
14.4016	0132	0.0332	-0.1424
14.5715	0133	0.0332	-0.1448
14.6609	0134	0.0332	-0.1457
14.8601	0135	0.0332	-0.1475
14.9839	0136	0.0332	-0.1475
15.1416	0137	0.0568	-0.1475
15.3219	0138	0.0568	-0.1492
15.4716	0139	0.0568	-0.1497
15.6385	0140	0.0568	-0.1510
15.8045	0141	0.0568	-0.1530
15.9677	0142	0.0568	-0.1541
16.1353	0143	0.0658	-0.1554
16.2999	0144	0.0658	-0.1559
16.4639	0145	0.0658	-0.1576
16.6367	0146	0.0658	-0.1591
16.8339	0147	0.0658	-0.1597
16.9586	0148	0.0658	-0.1599
17.1247	0149	0.0451	-0.1597
17.2930	0150	0.0451	-0.1593
17.4745	0151	0.0451	-0.1608
17.6242	0152	0.0451	-0.1602
17.8267	0153	0.0451	-0.1497
17.9542	0154	0.0451	-0.1453
18.1171	0155	0.0102	-0.1373
18.2934	0156	0.0102	-0.1375
18.4617	0157	0.0102	-0.1373
18.6169	0158	0.0102	-0.1365
18.7850	0159	0.0102	-0.1377
18.9454	0160	0.0102	-0.1382
19.1103	0161	0.0178	-0.1403
19.2804	0162	0.0178	-0.1371
19.4712	0163	0.0178	-0.1379
19.6517	0164	0.0178	-0.1384
19.7723	0165	0.0178	-0.1379
19.9656	0166	0.0178	-0.1373
20.1067	0167	0.0175	-0.1373
20.2742	0168	0.0175	-0.1382
20.4589	0169	0.0175	-0.1402
20.6477	0170	0.0175	-0.1407
20.7678	0171	0.0175	-0.1408
20.9509	0172	0.0175	-0.1411
21.0983	0173	0.0057	-0.1433
21.2702	0174	0.0057	-0.1441
21.4322	0175	0.0057	-0.1417
21.5937	0176	0.0057	-0.1365
21.7617	0177	0.0057	-0.1359
21.9298	0178	0.0057	-0.1357
22.0905	0179	0.0111	-0.1369
22.3024	0180	0.0111	-0.1388
22.4223	0181	0.0111	-0.1395
22.6428	0182	0.0111	-0.1406
22.7526	0183	0.0111	-0.1410
22.9204	0184	0.0111	-0.1427
23.1328	0185	0.0111	-0.1438
23.2526	0186	0.0111	-0.1454
23.4291	0187	0.0462	-0.1462
23.5831	0188	0.0462	-0.1473
23.7480	0189	0.0462	-0.1485
23.9113	0190	0.0462	-0.1495
24.0784	0191	0.0660	-0.1519
24.2489	0192	0.0660	-0.1537
24.4514	0193	0.0660	-0.1557
24.5736	0194	0.0660	-0.1565
24.7840	0195	0.0660	-0.1568
24.9046	0196	0.0660	-0.1538
25.0739	0197	0.0443	-0.1519
25.2412	0198	0.0443	-0.1501
25.4198	0199	0.0443	-0.1387
25.5666	0200	0.0443	-0.1264
25.7321	0201	0.0443	-0.1175
25.8982	0202	0.0443	-0.1175
26.0666	0203	0.0372	-0.1168
26.2667	0204	0.0372	-0.1195
26.3955	0205	0.0372	-0.1207
26.5598	0206	0.0372	-0.1217
26.7261	0207	0.0372	-0.1228
26.8965	0208	0.0372	-0.1238
27.0725	0209	0.0302	-0.1252
27.2300	0210	0.0302	-0.1246
27.3988	0211	0.0302	-0.1260
27.5763	0212	0.0302	-0.1278
27.7300	0213	0.0302	-0.1286
27.8983	0214	0.0302	-0.1289
28.0714	0215	0.0240	-0.1289
28.2550	0216	0.0240	-0.1289
28.4445	0217	0.0240	-0.1342
28.5962	0218	0.0240	-0.1349
28.7342	0219	0.0240	-0.1365
28.9321	0220	0.0240	-0.1379
29.0719	0221	0.0240	-0.1386
29.2398	0222	0.0248	-0.1405
29.4063	0223	0.0248	-0.1422
29.5755	0224	0.0248	-0.1428
29.7419	0225	0.0248	-0.1438
29.9119	0226	0.0248	-0.1438
30.0780	0227	0.0248	-0.1447
30.2890	0228	0.0234	-0.1455
30.4129	0229	0.0234	-0.1462
30.5827	0230	0.0234	-0.1478
30.7477	0231	0.0234	-0.1483
30.9177	0232	0.0234	-0.1433
31.0852	0233	0.0119	-0.1386
31.2809	0234	0.0119	-0.1329
31.4201	0235	0.0119	-0.1331
31.5873	0236	0.0119	-0.1327
31.7540	0237	0.0119	-0.1335
31.9396	0238	0.0119	-0.1349
32.0925	0239	0.0386	-0.1373
32.2847	0240	0.0386	-0.1388
32.4268	0241	0.0386	-0.1386
32.5940	0242	0.0386	-0.1394
32.7601	0243	0.0386	-0.1409
32.9316	0244	0.0386	-0.1416
33.0958	0245	0.0534	-0.1429
33.2661	0246	0.0534	-0.1449
33.4316	0247	0.0534	-0.1457
33.5995	0248	0.0534	-0.1464
33.7666	0249	0.0534	-0.1464
33.9335	0250	0.0534	-0.1464
34.1033	0251	0.0534	-0.1464
34.2706	0252	0.0784	-0.1492
34.4568	0253	0.0784	-0.1522
34.6058	0254	0.0784	-0.1561
34.7723	0255	0.0784	-0.1576
34.9423	0256	0.0784	-0.1586
35.1075	0257	0.0839	-0.1592
35.2973	0258	0.0839	-0.1626
35.4593	0259	0.0839	-0.1640
35.6089	0260	0.0839	-0.1620
35.7755	0261	0.0839	-0.1428
35.9609	0262	0.0839	-0.1250
36.1130	0263	0.0621	-0.1185
36.2996	0264	0.0621	-0.1173
36.4639	0265	0.0621	-0.1186
36.6127	0266	0.0621	-0.1217
36.7804	0267	0.0621	-0.1242
36.9626	0268	0.0621	-0.1258
37.1194	0269	0.0462	-0.1268
37.2947	0270	0.0462	-0.1283
37.4695	0271	0.0462	-0.1297
37.6219	0272	0.0462	-0.1313
37.8073	0273	0.0462	-0.1327
37.9541	0274	0.0462	-0.1337
38.1192	0275	0.0462	-0.1366
38.2956	0276	0.0381	-0.1375
38.4548	0277	0.0381	-0.1381
38.6403	0278	0.0381	-0.1383
38.7883	0279	0.0381	-0.1404
38.9561	0280	0.0381	-0.1421
39.1329	0281	0.0381	-0.1430
39.2911	0282	0.0381	-0.1447
39.4603	0283	0.0381	-0.1460
39.6474	0284	0.0188	-0.1457
39.7934	0285	0.0188	-0.1461
39.9865	0286	0.0188	-0.1442
40.0549	0287	0.0188	-0.1425
40.2464	0288	0.0237	-0.1349
40.4677	0289	0.0237	-0.1247
40.6287	0290	0.0237	-0.1219
40.7966	0291	0.0237	-0.1225
40.9750	0292	0.0237	-0.1231
41.1351	0293	0.0302	-0.1249
41.3251	0294	0.0302	-0.1274
41.4663	0295	0.0302	-0.1285
41.6347	0296	0.0302	-0.1308
41.7081	0297	0.0302	-0.1314
41.8871	0298	0.0302	-0.1343
42.0474	0299	0.0302	-0.1358
42.2093	0300	0.0503	-0.1370
42.3783	0301	0.0503	-0.1388
42.5408	0302	0.0503	-0.1406
42.7052	0303	0.0503	-0.1429
42.8863	0304	0.0503	-0.1438
43.0387	0305	0.0503	-0.1439
43.2159	0306	0.0551	-0.1449
43.3696	0307	0.0551	-0.1467
43.5913	0308	0.0551	-0.1473
43.7027	0309	0.0551	-0.1480
43.8708	0310	0.0551	-0.1467
44.0737	0311	0.0551	-0.1347
44.2013	0312	0.0538	-0.1258
44.3989	0313	0.0538	-0.1167
44.5350	0314	0.0538	-0.1152
44.7120	0315	0.0538	-0.1166
44.8656	0316	0.0538	-0.1173
45.0339	0317	0.0538	-0.1194
45.1988	0318	0.0543	-0.1226
45.3670	0319	0.0543	-0.1244
45.5336	0320	0.0543	-0.1254
45.6951	0321	0.0543	-0.1262
45.9001	0322	0.0543	-0.1271
46.0308	0323	0.0543	-0.1269
46.2159	0324	0.0549	-0.1273
46.3687	0325	0.0549	-0.1277
46.5722	0326	0.0549	-0.1290
46.7353	0327	0.0549	-0.1294
46.8563	0328	0.0549	-0.1300
47.0621	0329	0.0549	-0.1311
47.1888	0330	0.2107	-0.1320
47.4166	0331	0.2107	-0.1309
47.5222	0332	0.2107	-0.1315
47.6907	0333	0.2107	-0.1337
47.8529	0334	0.2107	-0.1350
48.0190	0335	0.2107	-0.1364
48.1863	0336	0.5350	-0.1383
48.3563	0337	0.5350	-0.1390
48.5272	0338	0.5350	-0.1396
48.7104	0339	0.5350	-0.1404
48.8477	0340	0.5350	-0.1413
49.0146	0341	0.5350	-0.1426
49.1924	0342	0.4364	-0.1445
49.3514	0343	0.4364	-0.1399
49.5652	0344	0.4364	-0.1315
49.6781	0345	0.4364	-0.1290
49.8837	0346	0.4364	-0.1192
50.0099	0347	0.4364	-0.1170
50.2242	0348	0.4364	-0.1157
50.3431	0349	0.1321	-0.1161
50.5449	0350	0.1321	-0.1165
50.6737	0351	0.1321	-0.1190
50.8827	0352	0.1321	-0.1193
51.0105	0353	0.1321	-0.1208
51.1777	0354	0.1321	-0.1230
51.3454	0355	0.0876	-0.1229
51.5407	0356	0.0876	-0.1251
51.6691	0357	0.0876	-0.1257
51.8390	0358	0.0876	-0.1276
52.0072	0359	0.0876	-0.1289
52.1869	0360	0.0876	-0.1296
52.3884	0361	0.0827	-0.1324
52.5001	0362	0.0827	-0.1339
52.6666	0363	0.0827	-0.1351
52.8322	0364	0.0827	-0.1358
52.9970	0365	0.0827	-0.1358
53.1702	0366	0.0827	-0.1359
53.3448	0367	0.0827	-0.1403
53.4979	0368	0.0745	-0.1403
53.7010	0369	0.0745	-0.1403
53.8301	0370	0.0745	-0.1403
54.0291	0371	0.0745	-0.1405
54.2014	0372	0.0745	-0.1452
54.3580	0373	0.0745	-0.1451
54.5132	0374	0.0640	-0.1408
54.6646	0375	0.0640	-0.1370
54.8356	0376	0.0640	-0.1344
55.0020	0377	0.0640	-0.1349
55.1661	0378	0.0536	-0.1365
55.3699	0379	0.0536	-0.1385
55.5251	0380	0.0536	-0.1373
55.6683	0381	0.0536	-0.1320
55.8356	0382	0.0528	-0.1264
56.0008	0383	0.0528	-0.1260
56.1681	0384	0.0528	-0.1249
56.3359	0385	0.0528	-0.1280
56.5043	0386	0.0528	-0.1304
56.6879	0387	0.0528	-0.1320
56.8390	0388	0.0528	-0.1351
57.0118	0389	0.0528	-0.1366
57.1705	0390	0.0419	-0.1378
57.3550	0391	0.0419	-0.1386
57.5227	0392	0.0419	-0.1395
57.6698	0393	0.0419	-0.1403
57.8404	0394	0.0419	-0.1406
58.0045	0395	0.0419	-0.1413
58.1715	0396	0.0429	-0.1427
58.3379	0397	0.0429	-0.1445
58.5066	0398	0.0429	-0.1451
58.6732	0399	0.0429	-0.1464
58.8378	0400	0.0429	-0.1477
59.0059	0401	0.0429	-0.1501
59.1816	0402	0.0581	-0.1512
59.3628	0403	0.0581	-0.1521
59.5063	0404	0.0581	-0.1534
59.6897	0405	0.0581	-0.1495
59.8432	0406	0.0581	-0.1450
60.0317	0407	0.0581	-0.1271
60.1766	0408	0.0581	-0.1180
60.3402	0409	0.0520	-0.1148
60.5241	0410	0.0520	-0.1132
60.6743	0411	0.0520	-0.1134
60.8589	0412	0.0520	-0.1173
61.0108	0413	0.0520	-0.1174
61.1815	0414	0.0520	-0.1198
61.3654	0415	0.0522	-0.1201
61.5084	0416	0.0522	-0.1214
61.6770	0417	0.0522	-0.1222
61.8450	0418	0.0522	-0.1232
62.0110	0419	0.0522	-0.1246
62.1785	0420	0.0683	-0.1262
62.3431	0421	0.0683	-0.1272
62.5316	0422	0.0683	-0.1276
62.6787	0423	0.0683	-0.1279
62.8447	0424	0.0683	-0.1278
63.0123	0425	0.0683	-0.1290
63.1777	0426	0.0683	-0.1302
63.3511	0427	0.0510	-0.1302
63.5140	0428	0.0510	-0.1304
63.6978	0429	0.0510	-0.1304
63.8546	0430	0.0510	-0.1358
64.0116	0431	0.0510	-0.1362
64.1818	0432	0.0510	-0.1360
64.3578	0433	0.0422	-0.1367
64.5120	0434	0.0422	-0.1360
64.6804	0435	0.0422	-0.1356
64.8529	0436	0.0422	-0.1357
65.0153	0437	0.0422	-0.1358
65.1990	0438	0.0025	-0.1280
65.2740	0439	0.0025	-0.1234
65.4358	0440	0.0025	-0.1148
65.6484	0441	0.0025	-0.1036
65.7675	0442	0.0025	-0.1037
65.9738	0443	0.0025	-0.1065
66.1313	0444	0.0025	-0.1083
66.2615	0445	0.0246	-0.1095
66.4296	0446	0.0246	-0.1107
66.5975	0447	0.0246	-0.1114
66.7719	0448	0.0246	-0.1122
66.9782	0449	0.0246	-0.1136
67.0905	0450	0.0246	-0.1144
67.2902	0451	0.0349	-0.1169
67.4237	0452	0.0349	-0.1172
67.5983	0453	0.0349	-0.1187
67.7546	0454	0.0349	-0.1202
67.9213	0455	0.0349	-0.1219
68.0873	0456	0.0349	-0.1224
68.2528	0457	0.0264	-0.1236
68.4195	0458	0.0264	-0.1262
68.5855	0459	0.0264	-0.1279
68.7643	0460	0.0264	-0.1291
68.9523	0461	0.0264	-0.1297
69.0807	0462	0.0264	-0.1312
69.2469	0463	0.0157	-0.1324
69.4378	0464	0.0157	-0.1324
69.5773	0465	0.0157	-0.1325
69.7540	0466	0.0157	-0.1337
69.9143	0467	0.0157	-0.1352
70.0754	0468	0.0157	-0.1355
70.2419	0469	0.0142	-0.1362
70.4083	0470	0.0142	-0.1367
70.5714	0471	0.0142	-0.1387
70.7701	0472	0.0142	-0.1405
70.9067	0473	0.0142	-0.1412
71.0697	0474	0.0142	-0.1428
71.2370	0475	0.0071	-0.1457
71.4062	0476	0.0071	-0.1473
71.6053	0477	0.0071	-0.1488
71.7328	0478	0.0071	-0.1498
71.8992	0479	0.0071	-0.1512
72.0683	0480	0.0109	-0.1524
72.2397	0481	0.0109	-0.1540
72.4327	0482	0.0109	-0.1558
72.6114	0483	0.0109	-0.1519
72.7641	0484	0.0109	-0.1424
72.8913	0485	0.0109	-0.1347
73.0622	0486	0.0109	-0.1326
73.2732	0487	0.0300	-0.1334
73.3896	0488	0.0300	-0.1334
73.5978	0489	0.0300	-0.1340
73.7231	0490	0.0300	-0.1341
73.8859	0491	0.0300	-0.1365
74.0555	0492	0.0300	-0.1367
74.2204	0493	0.0300	-0.1389
74.4086	0494	0.0300	-0.1274
74.5962	0495	0.0164	-0.0988
74.7492	0496	0.0164	-0.0988
74.8812	0497	0.0164	-0.0988
75.0500	0498	0.0164	-0.0975
75.2213	0499	0.0164	-0.0975
75.3835	0500	0.0164	-0.0975
75.5773	0501	-0.0111	-0.0889
75.7502	0502	-0.0111	-0.0962
75.9161	0503	-0.0111	-0.0963
76.0422	0504	-0.0111	-0.0981
76.2169	0505	-0.0111	-0.0991
76.3774	0506	-0.0111	-0.0991
76.5921	0507	-0.0044	-0.0992
76.7234	0508	-0.0044	-0.1035
76.9017	0509	-0.0044	-0.1035
77.0345	0510	-0.0044	-0.1036
77.2148	0511	-0.0044	-0.1036
77.4099	0512	-0.0044	-0.1104
77.5320	0513	-0.0186	-0.1110
77.6984	0514	-0.0186	-0.1124
77.8964	0515	-0.0186	-0.1132
78.0323	0516	-0.0186	-0.1142
78.2020	0517	-0.0366	-0.1167
78.3646	0518	-0.0366	-0.1186
78.5312	0519	-0.0366	-0.1195
78.7266	0520	-0.0366	-0.1218
78.8604	0521	-0.0366	-0.1231
79.0271	0522	-0.0366	-0.1248
79.1991	0523	-0.0304	-0.1270
79.3712	0524	-0.0304	-0.1283
79.5727	0525	-0.0304	-0.1297
79.6938	0526	-0.0304	-0.1311
79.8859	0527	-0.0304	-0.1315
80.0286	0528	-0.0304	-0.1331
80.1968	0529	-0.0359	-0.1344
80.3637	0530	-0.0359	-0.1357
80.5587	0531	-0.0359	-0.1370
80.6967	0532	-0.0359	-0.1374
80.8621	0533	-0.0359	-0.1376
81.0332	0534	-0.0359	-0.1377
81.2288	0535	-0.0396	-0.1377
81.3612	0536	-0.0396	-0.1360
81.5554	0537	-0.0396	-0.1329
81.6945	0538	-0.0396	-0.1307
81.8637	0539	-0.0396	-0.1275
82.0435	0540	-0.0396	-0.1213
82.1988	0541	-0.0396	-0.1128
82.3631	0542	-0.0534	-0.1088
82.5509	0543	-0.0534	-0.1084
82.6958	0544	-0.0534	-0.1078
82.8630	0545	-0.0534	-0.1093
83.0561	0546	-0.0534	-0.1110
83.1981	0547	-0.0534	-0.1116
83.3674	0548	-0.0456	-0.1113
83.5331	0549	-0.0456	-0.1121
83.6978	0550	-0.0456	-0.1120
83.8667	0551	-0.0456	-0.1134
84.0302	0552	-0.0456	-0.1135
84.2040	0553	-0.0456	-0.1146
84.3701	0554	-0.0387	-0.1151
84.5497	0555	-0.0387	-0.1154
84.6973	0556	-0.0387	-0.1163
84.8773	0557	-0.0387	-0.1178
85.0311	0558	-0.0387	-0.1183
85.1999	0559	-0.0274	-0.1189
85.3670	0560	-0.0274	-0.1207
85.5332	0561	-0.0274	-0.1206
85.6979	0562	-0.0274	-0.1214
85.8659	0563	-0.0274	-0.1226
86.0316	0564	-0.0274	-0.1245
86.2040	0565	-0.1973	-0.1266
86.3663	0566	-0.1973	-0.1277
86.5318	0567	-0.1973	-0.1290
86.6982	0568	-0.1973	-0.1302
86.8664	0569	-0.1973	-0.1284
87.0325	0570	-0.1973	-0.1197
87.2041	0571	-0.5180	-0.1148
87.3676	0572	-0.5180	-0.1130
87.5530	0573	-0.5180	-0.1138
87.7026	0574	-0.5180	-0.1149
87.8696	0575	-0.5180	-0.1166
88.0346	0576	-0.5180	-0.1175
88.2255	0577	-0.5180	-0.1214
88.3677	0578	-0.5235	-0.1277
88.5333	0579	-0.5235	-0.1292
88.7020	0580	-0.5235	-0.1293
88.8691	0581	-0.5235	-0.1331
89.0446	0582	-0.5235	-0.1350
89.2266	0583	-0.5235	-0.1373
89.3672	0584	-0.1793	-0.1383
89.5341	0585	-0.1793	-0.1401
89.7028	0586	-0.1793	-0.1415
89.8691	0587	-0.1793	-0.1424
90.0353	0588	-0.1793	-0.1437
90.2036	0589	-0.0382	-0.1446
90.3686	0590	-0.0382	-0.1470
90.4600	0591	-0.0382	-0.1474
90.6242	0592	-0.0382	-0.1490
90.7927	0593	-0.0382	-0.1493
90.9669	0594	-0.0382	-0.1506
91.1607	0595	-0.0382	-0.1506
91.2846	0596	-0.0498	-0.1506
91.4498	0597	-0.0498	-0.1502
91.6468	0598	-0.0498	-0.1455
91.8289	0599	-0.0498	-0.1391
91.9453	0600	-0.0498	-0.1348
92.1110	0601	-0.0498	-0.1337
92.2759	0602	-0.0661	-0.1331
92.4436	0603	-0.0661	-0.1337
92.6082	0604	-0.0661	-0.1348
92.7802	0605	-0.0661	-0.1371
92.9387	0606	-0.0661	-0.1388
93.1109	0607	-0.0661	-0.1399
93.3041	0608	-0.0802	-0.1391
93.4349	0609	-0.0802	-0.1409
93.6059	0610	-0.0802	-0.1419
93.8163	0611	-0.0802	-0.1443
93.9318	0612	-0.0802	-0.1450
94.0953	0613	-0.0802	-0.1470
94.2612	0614	-0.0705	-0.1503
94.4282	0615	-0.0705	-0.1524
94.5937	0616	-0.0705	-0.1529
94.7695	0617	-0.0705	-0.1539
94.9235	0618	-0.0705	-0.1542
95.1203	0619	-0.0705	-0.1556
95.2539	0620	-0.0569	-0.1557
95.4229	0621	-0.0569	-0.1577
95.6283	0622	-0.0569	-0.1590
95.7959	0623	-0.0569	-0.1617
95.9188	0624	-0.0569	-0.1634
96.0854	0625	-0.0569	-0.1654
96.2481	0626	-0.0474	-0.1665
96.4157	0627	-0.0474	-0.1660
96.5839	0628	-0.0474	-0.1587
96.7928	0629	-0.0474	-0.1546
96.9477	0630	-0.0474	-0.1547
97.0749	0631	-0.0474	-0.1542
97.2484	0632	-0.0506	-0.1519
97.4132	0633	-0.0506	-0.1410
97.5709	0634	-0.0506	-0.1317
97.7723	0635	-0.0506	-0.1268
97.9012	0636	-0.0506	-0.1266
98.0672	0637	-0.0506	-0.1275
98.2369	0638	-0.0495	-0.1285
98.4431	0639	-0.0495	-0.1292
98.5640	0640	-0.0495	-0.1301
98.7300	0641	-0.0495	-0.1324
98.8937	0642	-0.0495	-0.1341
99.0606	0643	-0.0495	-0.1348
99.2317	0644	-0.0508	-0.1354
99.4358	0645	-0.0508	-0.1361
99.5554	0646	-0.0508	-0.1362
99.7263	0647	-0.0508	-0.1375
99.8905	0648	-0.0508	-0.1379
100.0523	0649	-0.0508	-0.1387
100.2193	0650	-0.0522	-0.1386
100.3844	0651	-0.0522	-0.1384
100.5565	0652	-0.0522	-0.1399
100.7161	0653	-0.0522	-0.1407
100.8819	0654	-0.0522	-0.1407
101.0470	0655	-0.0522	-0.1408
101.2385	0656	-0.0482	-0.1422
101.4313	0657	-0.0482	-0.1435
101.5457	0658	-0.0482	-0.1453
101.7105	0659	-0.0482	-0.1474
101.8742	0660	-0.0482	-0.1496
102.0673	0661	-0.0482	-0.1524
102.2101	0662	-0.0406	-0.1528
102.3969	0663	-0.0406	-0.1533
102.5856	0664	-0.0406	-0.1554
102.7483	0665	-0.0406	-0.1558
102.8665	0666	-0.0406	-0.1544
103.0720	0667	-0.0406	-0.1554
103.1988	0668	-0.0248	-0.1569
103.4064	0669	-0.0248	-0.1594
103.5279	0670	-0.0248	-0.1599
103.6960	0671	-0.0248	-0.1570
103.8624	0672	-0.0248	-0.1429
104.0390	0673	-0.0248	-0.1248
104.2015	0674	-0.0248	-0.1189
104.3587	0675	-0.0248	-0.1153
104.5271	0676	-0.0265	-0.1154
104.7008	0677	-0.0265	-0.1176
104.8593	0678	-0.0265	-0.1198
105.0294	0679	-0.0265	-0.1213
105.1923	0680	-0.0265	-0.1216
105.3601	0681	-0.0310	-0.1242
105.5555	0682	-0.0310	-0.1277
105.6915	0683	-0.0310	-0.1288
105.8581	0684	-0.0310	-0.1295
106.0497	0685	-0.0310	-0.1313
106.1943	0686	-0.0330	-0.1316
106.3951	0687	-0.0330	-0.1309
106.5278	0688	-0.0330	-0.1315
106.6933	0689	-0.0330	-0.1308
106.8576	0690	-0.0330	-0.1302
107.0256	0691	-0.0330	-0.1302
107.1920	0692	-0.0298	-0.1304
107.3597	0693	-0.0298	-0.1324
107.5273	0694	-0.0298	-0.1333
107.6942	0695	-0.0298	-0.1334
107.8588	0696	-0.0298	-0.1336
108.0241	0697	-0.0298	-0.1352
108.1953	0698	0.0269	-0.1367
108.3584	0699	0.0269	-0.1369
108.5241	0700	0.0269	-0.1368
108.6906	0701	0.0269	-0.1409
108.8573	0702	0.0269	-0.1424
109.0255	0703	0.0269	-0.1438
109.1931	0704	0.0201	-0.1453
109.3570	0705	0.0201	-0.1477
109.5241	0706	0.0201	-0.1487
109.6947	0707	0.0201	-0.1494
109.8580	0708	0.0201	-0.1499
110.0246	0709	0.0201	-0.1493
110.1973	0710	0.0207	-0.1492
110.3585	0711	0.0207	-0.1492
110.5422	0712	0.0207	-0.1330
110.6959	0713	0.0207	-0.1201
110.8597	0714	0.0207	-0.1193
111.0259	0715	0.0207	-0.1184
111.1931	0716	0.0071	-0.1193
111.3845	0717	0.0071	-0.1212
111.5423	0718	0.0071	-0.1232
111.6920	0719	0.0071	-0.1229
111.8601	0720	0.0071	-0.1226
112.0244	0721	0.0071	-0.1242
112.1902	0722	0.0039	-0.1251
112.3583	0723	0.0039	-0.1250
112.5436	0724	0.0039	-0.1252
112.6907	0725	0.0039	-0.1267
112.8562	0726	0.0039	-0.1273
113.0271	0727	0.0039	-0.1277
113.2138	0728	-0.0096	-0.1277
113.3573	0729	-0.0096	-0.1298
113.5475	0730	-0.0096	-0.1305
113.6932	0731	-0.0096	-0.1320
113.8640	0732	-0.0096	-0.1326
114.0228	0733	-0.0096	-0.1350
114.1909	0734	-0.0166	-0.1361
114.3629	0735	-0.0166	-0.1359
114.5388	0736	-0.0166	-0.1371
114.6905	0737	-0.0166	-0.1384
114.8594	0738	-0.0166	-0.1391
115.0289	0739	-0.0166	-0.1376
115.1905	0740	-0.0166	-0.1380
115.3799	0741	-0.0156	-0.1393
115.5227	0742	-0.0156	-0.1394
115.7105	0743	-0.0156	-0.1362
115.7957	0744	-0.0156	-0.1362
115.9918	0745	-0.0156	-0.1164
116.1091	0746	-0.0156	-0.1159
116.2748	0747	-0.0156	-0.1157
116.4719	0748	-0.0065	-0.1155
116.6097	0749	-0.0065	-0.1164
116.8268	0750	-0.0065	-0.1194
116.9805	0751	-0.0065	-0.1200
117.1007	0752	-0.0065	-0.1201
117.2664	0753	-0.0073	-0.1236
117.4704	0754	-0.0073	-0.1254
117.6322	0755	-0.0073	-0.1257
117.7848	0756	-0.0073	-0.1269
117.9370	0757	-0.0073	-0.1292
118.0967	0758	-0.0073	-0.1315
118.2595	0759	-0.0009	-0.1325
118.4262	0760	-0.0009	-0.1335
118.6082	0761	-0.0009	-0.1344
118.7582	0762	-0.0009	-0.1364
118.9263	0763	-0.0009	-0.1363
119.0875	0764	-0.0009	-0.1374
119.2569	0765	-0.0161	-0.1376
119.4231	0766	-0.0161	-0.1383
119.5891	0767	-0.0161	-0.1315
119.7695	0768	-0.0161	-0.1192
119.9603	0769	-0.0161	-0.1145
120.0828	0770	-0.0161	-0.1136
120.2473	0771	-0.0161	-0.1130
120.4339	0772	-0.0161	-0.1132
120.6210	0773	-0.0161	-0.1146
120.7889	0774	-0.0314	-0.1154
120.9094	0775	-0.0314	-0.1157
121.0766	0776	-0.0314	-0.1163
121.2403	0777	-0.0262	-0.1180
121.4454	0778	-0.0262	-0.1192
121.6241	0779	-0.0262	-0.1192
121.7368	0780	-0.0262	-0.1194
121.9036	0781	-0.0262	-0.1198
122.0689	0782	-0.0262	-0.1194
122.2696	0783	-0.0272	-0.1195
122.4515	0784	-0.0272	-0.1188
122.5643	0785	-0.0272	-0.1190
122.7334	0786	-0.0272	-0.1193
122.8970	0787	-0.0272	-0.1194
123.0620	0788	-0.0272	-0.1199
123.2322	0789	-0.0360	-0.1214
123.3978	0790	-0.0360	-0.1225
123.5581	0791	-0.0360	-0.1231
123.7449	0792	-0.0360	-0.1233
123.8916	0793	-0.0360	-0.1249
124.0544	0794	-0.0360	-0.1262
124.2248	0795	-0.0375	-0.1272
124.3964	0796	-0.0375	-0.1283
124.5511	0797	-0.0375	-0.1298
124.7180	0798	-0.0375	-0.1310
124.9239	0799	-0.0375	-0.1317
125.0495	0800	-0.0375	-0.1331
125.2178	0801	-0.2158	-0.1349
125.4273	0802	-0.2158	-0.1366
125.5442	0803	-0.2158	-0.1379
125.7557	0804	-0.2158	-0.1401
125.8748	0805	-0.2158	-0.1424
126.0462	0806	-0.2158	-0.1433
126.2406	0807	-0.5304	-0.1391
126.3742	0808	-0.5304	-0.1324
126.5408	0809	-0.5304	-0.1200
126.7424	0810	-0.5304	-0.1145
126.8692	0811	-0.5304	-0.1133
127.0353	0812	-0.5304	-0.1148
127.2044	0813	0.4350	-0.1206
127.4050	0814	0.4350	-0.1226
127.5323	0815	0.4350	-0.1230
127.6993	0816	0.4350	-0.1237
127.8627	0817	0.4350	-0.1247
128.0372	0818	0.4350	-0.1270
128.1959	0819	0.1002	-0.1279
128.4127	0820	0.1002	-0.1295
128.5255	0821	0.1002	-0.1312
128.7115	0822	0.1002	-0.1325
128.8576	0823	0.1002	-0.1338
129.0253	0824	0.1002	-0.1348
129.2332	0825	-0.0112	-0.1364
129.3863	0826	-0.0112	-0.1374
129.5227	0827	-0.0112	-0.1385
129.7326	0828	-0.0112	-0.1380
129.8560	0829	-0.0112	-0.1382
130.0226	0830	-0.0112	-0.1385
130.2194	0831	-0.0205	-0.1386
130.3558	0832	-0.0205	-0.1394
130.5530	0833	-0.0205	-0.1406
130.6994	0834	-0.0205	-0.1415
130.8544	0835	-0.0205	-0.1417
131.0260	0836	-0.0205	-0.1425
131.1910	0837	-0.0205	-0.1426
131.3548	0838	-0.0280	-0.1427
131.5448	0839	-0.0280	-0.1424
131.6883	0840	-0.0280	-0.1424
131.8597	0841	-0.0280	-0.1425
132.0215	0842	-0.0280	-0.1463
132.1917	0843	-0.0280	-0.1464
132.3701	0844	0.0097	-0.1465
132.5215	0845	0.0097	-0.1465
132.6920	0846	0.0097	-0.1518
132.8548	0847	0.0097	-0.1516
133.0232	0848	0.0097	-0.1520
133.1919	0849	0.0167	-0.1525
133.3583	0850	0.0167	-0.1551
133.5235	0851	0.0167	-0.1560
133.6881	0852	0.0167	-0.1566
133.8550	0853	0.0167	-0.1588
134.0221	0854	0.0167	-0.1610
134.1913	0855	0.0494	-0.1627
134.3765	0856	0.0494	-0.1643
134.5224	0857	0.0494	-0.1655
134.6886	0858	0.0494	-0.1660
134.8658	0859	0.0494	-0.1624
135.0360	0860	0.0494	-0.1570
135.1883	0861	0.0631	-0.1538
135.3820	0862	0.0631	-0.1486
135.5213	0863	0.0631	-0.1441
135.6906	0864	0.0631	-0.1384
135.8555	0865	0.0631	-0.1336
136.0242	0866	0.0631	-0.1320
136.2079	0867	0.0576	-0.1323
136.3833	0868	0.0576	-0.1329
136.5214	0869	0.0576	-0.1334
136.6901	0870	0.0576	-0.1351
136.8568	0871	0.0564	-0.1364
137.0226	0872	0.0564	-0.1379
137.1886	0873	0.0564	-0.1394
137.3757	0874	0.0564	-0.1410
137.5225	0875	0.0564	-0.1411
137.7079	0876	0.0564	-0.1411
137.8557	0877	0.0564	-0.1431
138.0223	0878	0.0564	-0.1449
138.1886	0879	0.0564	-0.1453
138.3651	0880	0.0616	-0.1462
138.5215	0881	0.0616	-0.1468
138.6906	0882	0.0616	-0.1476
138.8556	0883	0.0616	-0.1489
139.0232	0884	0.0616	-0.1504
139.1887	0885	0.0616	-0.1511
139.3611	0886	0.0570	-0.1524
139.5272	0887	0.0570	-0.1537
139.7029	0888	0.0570	-0.1549
139.8550	0889	0.0570	-0.1558
140.0250	0890	0.0570	-0.1563
140.1994	0891	0.0582	-0.1571
140.3873	0892	0.0582	-0.1581
140.5238	0893	0.0582	-0.1596
140.6896	0894	0.0582	-0.1611
140.8710	0895	0.0582	-0.1626
140.9441	0896	0.0582	-0.1631
141.1142	0897	0.0582	-0.1645
141.2748	0898	0.0791	-0.1657
141.4421	0899	0.0791	-0.1671
141.6091	0900	0.0791	-0.1674
141.7988	0901	0.0791	-0.1692
141.9724	0902	0.0791	-0.1696
142.1039	0903	0.0791	-0.1701
142.2697	0904	0.0974	-0.1705
142.4348	0905	0.0974	-0.1715
142.6004	0906	0.0974	-0.1719
142.7701	0907	0.0974	-0.1721
142.9653	0908	0.0974	-0.1729
143.1347	0909	0.0974	-0.1741
143.2611	0910	0.1151	-0.1745
143.4459	0911	0.1151	-0.1747
143.5934	0912	0.1151	-0.1751
143.8050	0913	0.1151	-0.1770
143.9242	0914	0.1151	-0.1773
144.0918	0915	0.1151	-0.1775
144.2559	0916	0.1143	-0.1767
144.4222	0917	0.1143	-0.1737
144.5913	0918	0.1143	-0.1698
144.7611	0919	0.1143	-0.1579
144.9299	0920	0.1143	-0.1470
145.0910	0921	0.1143	-0.1435
145.2503	0922	0.1007	-0.1421
145.4145	0923	0.1007	-0.1417
145.5859	0924	0.1007	-0.1422
145.7787	0925	0.1007	-0.1427
145.9123	0926	0.1007	-0.1427
146.0784	0927	0.1007	-0.1428
146.2449	0928	0.0843	-0.1440
146.4505	0929	0.0843	-0.1444
146.5761	0930	0.0843	-0.1445
146.7859	0931	0.0843	-0.1446
146.9070	0932	0.0843	-0.1446
147.0713	0933	0.0843	-0.1454
147.2383	0934	0.0750	-0.1459
147.4092	0935	0.0750	-0.1461
147.5696	0936	0.0750	-0.1457
147.7400	0937	0.0750	-0.1460
147.9251	0938	0.0750	-0.1465
148.1065	0939	0.0750	-0.1474
148.2298	0940	0.0680	-0.1476
148.4357	0941	0.0680	-0.1482
148.5656	0942	0.0680	-0.1481
148.7811	0943	0.0680	-0.1496
148.8932	0944	0.0680	-0.1495
149.0574	0945	0.0680	-0.1505
149.2239	0946	0.0622	-0.1507
149.4020	0947	0.0622	-0.1531
149.6080	0948	0.0622	-0.1550
149.7563	0949	0.0622	-0.1559
149.8863	0950	0.0622	-0.1555
150.0612	0951	0.0622	-0.1562
150.2205	0952	0.0750	-0.1568
150.3861	0953	0.0750	-0.1578
150.5969	0954	0.0750	-0.1584
150.7143	0955	0.0750	-0.1590
150.8792	0956	0.0750	-0.1602
151.0469	0957	0.0750	-0.1630
151.2134	0958	0.0763	-0.1645
151.3760	0959	0.0763	-0.1652
151.5424	0960	0.0763	-0.1662
151.7114	0961	0.0763	-0.1671
151.8752	0962	0.0763	-0.1668
152.0439	0963	0.0763	-0.1668
152.2281	0964	0.0819	-0.1669
152.4182	0965	0.0819	-0.1672
152.5429	0966	0.0819	-0.1676
152.7031	0967	0.0819	-0.1678
152.8693	0968	0.0819	-0.1680
153.0380	0969	0.0729	-0.1680
153.2207	0970	0.0729	-0.1680
153.3649	0971	0.0729	-0.1681
153.5713	0972	0.0729	-0.1681
153.6978	0973	0.0729	-0.1681
153.8629	0974	0.0729	-0.1680
154.0268	0975	0.0729	-0.1680
154.1966	0976	0.0748	-0.1680
154.3834	0977	0.0748	-0.1681
154.5803	0978	0.0748	-0.1681
154.6918	0979	0.0748	-0.1681
154.8600	0980	0.0748	-0.1681
155.0260	0981	0.0748	-0.1681
155.1975	0982	0.0731	-0.1681
155.3888	0983	0.0731	-0.1682
155.5264	0984	0.0731	-0.1682
155.6944	0985	0.0731	-0.1682
155.8618	0986	0.0731	-0.1682
156.0271	0987	0.0731	-0.1681
156.1922	0988	0.0736	-0.1681
156.3892	0989	0.0736	-0.1681
156.5253	0990	0.0736	-0.1680
156.6952	0991	0.0736	-0.1679
156.8585	0992	0.0736	-0.1678
157.0248	0993	0.0736	-0.1679
157.2116	0994	0.0737	-0.1678
157.3593	0995	0.0737	-0.1664
157.5373	0996	0.0737	-0.1666
157.6916	0997	0.0737	-0.1667
157.8597	0998	0.0737	-0.1669
158.0345	0999	0.0737	-0.1676
158.1964	1000	0.0718	-0.1665
158.3586	1001	0.0718	-0.1676
158.5252	1002	0.0718	-0.1684
158.6941	1003	0.0718	-0.1697
158.8605	1004	0.0718	-0.1712
159.0333	1005	0.0718	-0.1720
159.1947	1006	0.0822	-0.1734
159.3888	1007	0.0822	-0.1748
159.5407	1008	0.0822	-0.1760
159.6931	1009	0.0822	-0.1768
159.8592	1010	0.0822	-0.1779
160.0277	1011	0.0822	-0.1764
160.1944	1012	0.0745	-0.1709
160.3597	1013	0.0745	-0.1583
160.5331	1014	0.0745	-0.1444
160.6920	1015	0.0745	-0.1418
160.8725	1016	0.0745	-0.1402
161.0443	1017	0.0745	-0.1415
161.1923	1018	0.0763	-0.1426
161.3620	1019	0.0763	-0.1445
161.5295	1020	0.0763	-0.1463
161.6932	1021	0.0763	-0.1474
161.8592	1022	0.0763	-0.1481
162.0266	1023	0.0763	-0.1484
162.2029	1024	0.0807	-0.1494
162.3774	1025	0.0807	-0.1503
162.5266	1026	0.0807	-0.1510
162.6931	1027	0.0807	-0.1516
162.8597	1028	0.0807	-0.1531
163.0278	1029	0.0807	-0.1544
163.1964	1030	0.0749	-0.1550
163.3603	1031	0.0749	-0.1561
163.5280	1032	0.0749	-0.1563
163.6931	1033	0.0749	-0.1576
163.8600	1034	0.0749	-0.1586
164.0292	1035	0.0749	-0.1594
164.2109	1036	0.0605	-0.1537
164.3934	1037	0.0605	-0.1502
164.5500	1038	0.0605	-0.1506
164.6935	1039	0.0605	-0.1513
164.8785	1040	0.0605	-0.1526
165.0271	1041	0.0605	-0.1524
165.2172	1042	0.0585	-0.1543
165.3752	1043	0.0585	-0.1559
165.5286	1044	0.0585	-0.1550
165.6940	1045	0.0585	-0.1555
165.8600	1046	0.0585	-0.1567
166.0270	1047	0.0585	-0.1536
166.1976	1048	0.0439	-0.1522
166.2825	1049	0.0439	-0.1525
166.4475	1050	0.0439	-0.1518
166.6157	1051	0.0439	-0.1521
166.7827	1052	0.0439	-0.1464
166.9952	1053	0.0439	-0.1449
167.1090	1054	0.0439	-0.1451
167.2764	1055	0.0401	-0.1463
167.4408	1056	0.0401	-0.1481
167.6316	1057	0.0401	-0.1488
167.8210	1058	0.0401	-0.1502
167.9400	1059	0.0401	-0.1491
168.1041	1060	0.0401	-0.1453
168.2682	1061	0.0330	-0.1421
168.4365	1062	0.0330	-0.1403
168.6027	1063	0.0330	-0.1396
168.7681	1064	0.0330	-0.1390
168.9330	1065	0.0330	-0.1384
169.1002	1066	0.0330	-0.1379
169.2712	1067	-0.0060	-0.1386
169.4342	1068	-0.0060	-0.1386
169.5948	1069	-0.0060	-0.1398
169.7627	1070	-0.0060	-0.1408
169.9283	1071	-0.0060	-0.1426
170.1363	1072	-0.0060	-0.1438
170.2567	1073	-0.0020	-0.1441
170.4512	1074	-0.0020	-0.1449
170.5883	1075	-0.0020	-0.1450
170.7878	1076	-0.0020	-0.1459
170.9198	1077	-0.0020	-0.1476
171.0845	1078	-0.0020	-0.1495
171.2527	1079	-0.0239	-0.1516
171.4163	1080	-0.0239	-0.1530
171.5842	1081	-0.0239	-0.1549
171.7471	1082	-0.0239	-0.1563
171.9127	1083	-0.0239	-0.1578
172.0777	1084	-0.0239	-0.1596
172.2444	1085	-0.3459	-0.1598
172.4504	1086	-0.3459	-0.1563
172.5751	1087	-0.3459	-0.1529
172.7882	1088	-0.3459	-0.1482
172.9090	1089	-0.3459	-0.1436
173.0715	1090	-0.3459	-0.1404
173.2693	1091	-0.6514	-0.1356
173.4062	1092	-0.6514	-0.1297
173.5883	1093	-0.6514	-0.1238
173.7353	1094	-0.6514	-0.1214
173.9008	1095	-0.6514	-0.1213
174.0666	1096	-0.6514	-0.1213
174.2334	1097	0.4482	-0.1117
174.3973	1098	0.4482	-0.1128
174.5636	1099	0.4482	-0.1132
174.7799	1100	0.4482	-0.1138
174.8957	1101	0.4482	-0.1149
175.0604	1102	0.4482	-0.1157
175.2264	1103	0.1154	-0.1182
175.3908	1104	0.1154	-0.1192
175.5609	1105	0.1154	-0.1198
175.7610	1106	0.1154	-0.1205
175.8882	1107	0.1154	-0.1212
176.0559	1108	0.1154	-0.1212
176.2196	1109	0.0006	-0.1200
176.4336	1110	0.0006	-0.1203
176.5497	1111	0.0006	-0.1212
176.7155	1112	0.0006	-0.1234
176.9232	1113	0.0006	-0.1232
177.0489	1114	0.0006	-0.1232
177.2573	1115	0.0047	-0.1238
177.3784	1116	0.0047	-0.1240
177.5983	1117	0.0047	-0.1242
177.7094	1118	0.0047	-0.1246
177.8747	1119	0.0047	-0.1267
178.0413	1120	0.0047	-0.1287
178.2339	1121	0.0055	-0.1300
178.4219	1122	0.0055	-0.1317
178.5379	1123	0.0055	-0.1338
178.7073	1124	0.0055	-0.1350
178.8694	1125	0.0055	-0.1355
179.0344	1126	0.0055	-0.1365
179.2034	1127	0.0092	-0.1384
179.4209	1128	0.0092	-0.1401
179.5317	1129	0.0092	-0.1401
179.7014	1130	0.0092	-0.1412
179.8662	1131	0.0092	-0.1428
180.0319	1132	0.0092	-0.1440
180.1975	1133	0.0248	-0.1435
180.3644	1134	0.0248	-0.1384
180.5640	1135	0.0248	-0.1243
180.6986	1136	0.0248	-0.1129
180.8644	1137	0.0248	-0.1085
181.0324	1138	0.0248	-0.1072
181.2005	1139	-0.0469	-0.1089
181.3673	1140	-0.0469	-0.1105
181.5522	1141	-0.0469	-0.1112
181.6981	1142	-0.0469	-0.1108
181.8661	1143	-0.0469	-0.1121
182.0326	1144	-0.0469	-0.1124
182.2328	1145	-0.0648	-0.1118
182.3739	1146	-0.0648	-0.1116
182.5337	1147	-0.0648	-0.1132
182.6985	1148	-0.0648	-0.1148
182.8663	1149	-0.0648	-0.1150
183.0362	1150	-0.0648	-0.1160
183.2103	1151	-0.0648	-0.1172
183.4013	1152	-0.0648	-0.1180
183.5329	1153	-0.0986	-0.1180
183.6997	1154	-0.0986	-0.1194
183.8673	1155	-0.0986	-0.1207
184.0325	1156	-0.0986	-0.1217
184.1988	1157	-0.0946	-0.1237
184.3660	1158	-0.0946	-0.1255
184.5531	1159	-0.0946	-0.1273
184.7006	1160	-0.0946	-0.1278
184.8658	1161	-0.0946	-0.1283
185.0355	1162	-0.0946	-0.1301
185.1993	1163	-0.0881	-0.1305
185.3707	1164	-0.0881	-0.1303
185.5352	1165	-0.0881	-0.1305
185.6996	1166	-0.0881	-0.1319
185.8674	1167	-0.0881	-0.1336
186.0327	1168	-0.0881	-0.1346
186.2236	1169	-0.0821	-0.1362
186.3682	1170	-0.0821	-0.1371
186.5390	1171	-0.0821	-0.1381
186.6995	1172	-0.0821	-0.1383
186.8820	1173	-0.0821	-0.1402
187.0356	1174	-0.0821	-0.1420
187.2002	1175	-0.0855	-0.1432
187.3729	1176	-0.0855	-0.1446
187.5333	1177	-0.0855	-0.1456
187.7112	1178	-0.0855	-0.1464
187.8674	1179	-0.0855	-0.1475
188.0359	1180	-0.0855	-0.1477
188.2222	1181	-0.0804	-0.1487
188.3679	1182	-0.0804	-0.1489
188.5359	1183	-0.0804	-0.1493
188.7130	1184	-0.0804	-0.1477
188.8670	1185	-0.0804	-0.1376
189.0339	1186	-0.0804	-0.1221
189.2071	1187	-0.0991	-0.1132
189.3722	1188	-0.0991	-0.1115
189.5348	1189	-0.0991	-0.1114
189.7015	1190	-0.0991	-0.1129
189.8684	1191	-0.0991	-0.1145
190.0354	1192	-0.0991	-0.1154
190.2097	1193	-0.0900	-0.1155
190.3683	1194	-0.0900	-0.1155
190.5347	1195	-0.0900	-0.1156
190.7068	1196	-0.0900	-0.1148
190.8802	1197	-0.0900	-0.1153
191.0349	1198	-0.0900	-0.1166
191.2017	1199	-0.0889	-0.1174
191.3691	1200	-0.0889	-0.1168
191.4578	1201	-0.0889	-0.1164
191.6437	1202	-0.0889	-0.1179
191.7881	1203	-0.0889	-0.1187
191.9986	1204	-0.0889	-0.1209
192.1200	1205	-0.0889	-0.1222
192.2862	1206	-0.0896	-0.1238
192.4535	1207	-0.0896	-0.1244
192.6510	1208	-0.0896	-0.1234
192.8311	1209	-0.0896	-0.1225
192.9475	1210	-0.0896	-0.1220
193.1156	1211	-0.0896	-0.1216
193.2808	1212	-0.0896	-0.1216
193.4472	1213	-0.0881	-0.1217
193.6114	1214	-0.0881	-0.1220
193.8158	1215	-0.0881	-0.1236
193.9419	1216	-0.0881	-0.1237
194.1062	1217	-0.0881	-0.1272
194.2713	1218	-0.0881	-0.1296
194.4384	1219	-0.0763	-0.1304
194.6093	1220	-0.0763	-0.1317
194.7844	1221	-0.0763	-0.1317
194.9645	1222	-0.0763	-0.1322
195.1397	1223	-0.0763	-0.1330
195.2908	1224	-0.0687	-0.1332
195.4366	1225	-0.0687	-0.1332
195.6268	1226	-0.0687	-0.1346
195.8114	1227	-0.0687	-0.1360
195.9282	1228	-0.0687	-0.1358
196.1415	1229	-0.0687	-0.1361
196.2624	1230	-0.0663	-0.1361
196.4306	1231	-0.0663	-0.1369
196.6485	1232	-0.0663	-0.1378
196.7562	1233	-0.0663	-0.1365
196.9670	1234	-0.0663	-0.1307
197.0873	1235	-0.0663	-0.1229
197.2542	1236	-0.0578	-0.1215
197.4605	1237	-0.0578	-0.1211
197.5851	1238	-0.0578	-0.1217
197.7524	1239	-0.0578	-0.1244
197.9159	1240	-0.0578	-0.1258
198.0810	1241	-0.0578	-0.1268
198.2477	1242	-0.0490	-0.1277
198.4172	1243	-0.0490	-0.1298
198.6287	1244	-0.0490	-0.1311
198.7443	1245	-0.0490	-0.1304
198.9093	1246	-0.0490	-0.1308
199.0816	1247	-0.0490	-0.1320
199.2576	1248	-0.0490	-0.1333
199.4214	1249	-0.0490	-0.1332
199.5724	1250	-0.0490	-0.1303
199.7417	1251	-0.0666	-0.1255
199.9437	1252	-0.0666	-0.1184
200.0693	1253	-0.0666	-0.1175
200.2763	1254	-0.0904	-0.1184
200.4011	1255	-0.0904	-0.1202
200.6120	1256	-0.0904	-0.1236
200.7350	1257	-0.0904	-0.1251
200.9362	1258	-0.0904	-0.1279
201.0647	1259	-0.0904	-0.1291
201.2532	1260	-0.0816	-0.1314
201.3943	1261	-0.0816	-0.1313
201.5879	1262	-0.0816	-0.1316
201.7667	1263	-0.0816	-0.1332
201.8921	1264	-0.0816	-0.1345
202.0922	1265	-0.0816	-0.1359
202.2247	1266	-0.0895	-0.1369
202.4091	1267	-0.0895	-0.1386
202.5544	1268	-0.0895	-0.1396
202.7223	1269	-0.0895	-0.1401
202.8841	1270	-0.0895	-0.1356
203.0503	1271	-0.0895	-0.1295
203.2424	1272	-0.0756	-0.1268
203.3841	1273	-0.0756	-0.1264
203.5626	1274	-0.0756	-0.1283
203.7158	1275	-0.0756	-0.1299
203.8788	1276	-0.0756	-0.1320
204.0454	1277	-0.0756	-0.1336
204.2150	1278	-0.0487	-0.1344
204.3796	1279	-0.0487	-0.1356
204.5730	1280	-0.0487	-0.1378
204.7063	1281	-0.0487	-0.1395
204.8766	1282	-0.0487	-0.1398
205.0711	1283	-0.0487	-0.1404
205.2107	1284	-0.0102	-0.1396
205.3778	1285	-0.0102	-0.1408
205.5424	1286	-0.0102	-0.1417
205.7067	1287	-0.0102	-0.1391
205.8737	1288	-0.0102	-0.1370
206.0394	1289	-0.0102	-0.1308
206.2181	1290	-0.1749	-0.1252
206.4104	1291	-0.1749	-0.1188
206.5395	1292	-0.1749	-0.1139
206.7065	1293	-0.1749	-0.1112
206.8731	1294	-0.1749	-0.1105
207.0422	1295	-0.1749	-0.1123
207.2109	1296	0.4992	-0.1137
207.3731	1297	0.4992	-0.1140
207.5707	1298	0.4992	-0.1157
207.7077	1299	0.4992	-0.1171
207.8832	1300	0.4992	-0.1188
208.0621	1301	0.4992	-0.1192
208.2109	1302	-0.1738	-0.1327
208.3795	1303	-0.1738	-0.1352
208.5680	1304	-0.1738	-0.1352
208.7079	1305	-0.1738	-0.1362
208.8745	1306	-0.1738	-0.1364
209.0767	1307	-0.1738	-0.1386
209.2075	1308	-0.0367	-0.1390
209.3766	1309	-0.0367	-0.1394
209.5437	1310	-0.0367	-0.1407
209.7272	1311	-0.0367	-0.1420
209.8744	1312	-0.0367	-0.1436
210.0424	1313	-0.0367	-0.1446
210.2147	1314	-0.0531	-0.1395
210.3826	1315	-0.0531	-0.1304
210.5408	1316	-0.0531	-0.1224
210.7253	1317	-0.0531	-0.1184
210.8750	1318	-0.0531	-0.1185
211.0425	1319	-0.0531	-0.1216
211.2319	1320	-0.0497	-0.1244
211.3926	1321	-0.0497	-0.1256
211.5412	1322	-0.0497	-0.1275
211.7082	1323	-0.0497	-0.1299
211.8758	1324	-0.0497	-0.1311
212.0416	1325	-0.0497	-0.1318
212.2414	1326	-0.0668	-0.1342
212.3749	1327	-0.0668	-0.1352
212.5614	1328	-0.0668	-0.1353
212.7085	1329	-0.0668	-0.1359
212.8770	1330	-0.0668	-0.1374
213.0433	1331	-0.0668	-0.1393
213.2090	1332	-0.0738	-0.1400
213.3838	1333	-0.0738	-0.1401
213.5417	1334	-0.0738	-0.1414
213.7111	1335	-0.0738	-0.1437
213.8756	1336	-0.0738	-0.1449
214.0432	1337	-0.0738	-0.1465
214.2141	1338	-0.0736	-0.1494
214.3757	1339	-0.0736	-0.1496
214.5467	1340	-0.0736	-0.1507
214.7353	1341	-0.0736	-0.1464
214.8759	1342	-0.0736	-0.1444
215.0429	1343	-0.0736	-0.1392
215.2106	1344	-0.0820	-0.1342
215.3962	1345	-0.0820	-0.1284
215.5428	1346	-0.0820	-0.1279
215.7108	1347	-0.0820	-0.1302
215.8775	1348	-0.1210	-0.1315
216.0759	1349	-0.1210	-0.1333
216.2122	1350	-0.1210	-0.1334
216.3791	1351	-0.1210	-0.1287
216.5443	1352	-0.1210	-0.1232
216.7099	1353	-0.1210	-0.1215
216.8407	1354	-0.1210	-0.1214
217.0055	1355	-0.1210	-0.1223
217.1286	1356	-0.1210	-0.1238
217.3296	1357	-0.1179	-0.1241
217.4601	1358	-0.1179	-0.1234
217.6302	1359	-0.1179	-0.1238
217.8080	1360	-0.1179	-0.1243
217.9570	1361	-0.1179	-0.1247
218.1605	1362	-0.1179	-0.1250
218.2981	1363	-0.1141	-0.1261
218.4543	1364	-0.1141	-0.1275
218.6291	1365	-0.1141	-0.1274
218.7876	1366	-0.1141	-0.1275
218.9548	1367	-0.1141	-0.1285
219.1393	1368	-0.1141	-0.1280
219.2814	1369	-0.0959	-0.1281
219.4487	1370	-0.0959	-0.1276
219.6197	1371	-0.0959	-0.1284
219.7825	1372	-0.0959	-0.1271
219.9918	1373	-0.0959	-0.1254
220.1130	1374	-0.0959	-0.1268
220.2752	1375	-0.0818	-0.1266
220.4422	1376	-0.0818	-0.1270
220.6072	1377	-0.0818	-0.1266
220.7752	1378	-0.0818	-0.1278
220.9413	1379	-0.0818	-0.1302
221.1033	1380	-0.0818	-0.1321
221.2724	1381	-0.0694	-0.1346
221.4446	1382	-0.0694	-0.1360
221.6294	1383	-0.0694	-0.1369
221.7660	1384	-0.0694	-0.1371
221.9350	1385	-0.0694	-0.1375
222.1028	1386	-0.0694	-0.1339
222.2627	1387	-0.0801	-0.1156
222.4289	1388	-0.0801	-0.0939
222.6022	1389	-0.0801	-0.0822
222.8010	1390	-0.0801	-0.0771
222.9239	1391	-0.0801	-0.0760
223.0918	1392	-0.0801	-0.0782
223.2597	1393	-0.0820	-0.0811
223.4335	1394	-0.0820	-0.0829
223.6178	1395	-0.0820	-0.0838
223.8133	1396	-0.0820	-0.0861
223.9170	1397	-0.0820	-0.0874
224.0830	1398	-0.0820	-0.0896
224.2484	1399	-0.0858	-0.0897
224.4247	1400	-0.0858	-0.0911
224.6197	1401	-0.0858	-0.0925
224.7872	1402	-0.0858	-0.0944
224.9105	1403	-0.0858	-0.0948
225.0793	1404	-0.0858	-0.0975
225.2768	1405	-0.1000	-0.0995
225.4143	1406	-0.1000	-0.1001
225.6138	1407	-0.1000	-0.1007
225.7408	1408	-0.1000	-0.1011
225.9041	1409	-0.1000	-0.1042
226.0722	1410	-0.1000	-0.1062
226.2364	1411	-0.0950	-0.1073
226.4029	1412	-0.0950	-0.1078
226.5715	1413	-0.0950	-0.1083
226.7354	1414	-0.0950	-0.1090
226.8970	1415	-0.0950	-0.1095
227.0648	1416	-0.0950	-0.1109
227.2320	1417	-0.0831	-0.1130
227.4002	1418	-0.0831	-0.1138
227.5934	1419	-0.0831	-0.1158
227.7261	1420	-0.0831	-0.1174
227.8924	1421	-0.0831	-0.1193
228.0586	1422	-0.0831	-0.1192
228.2251	1423	-0.0848	-0.1208
228.3943	1424	-0.0848	-0.1214
228.5629	1425	-0.0848	-0.1219
228.7188	1426	-0.0848	-0.1234
228.8836	1427	-0.0848	-0.1236
229.0532	1428	-0.0848	-0.1246
229.2145	1429	-0.0748	-0.1254
229.4317	1430	-0.0748	-0.1244
229.5461	1431	-0.0748	-0.1235
229.7145	1432	-0.0748	-0.1235
229.8794	1433	-0.0748	-0.1243
230.0465	1434	-0.0748	-0.1248
230.2133	1435	-0.0858	-0.1190
230.3756	1436	-0.0858	-0.1063
230.5572	1437	-0.0858	-0.0877
230.7454	1438	-0.0858	-0.0809
230.8763	1439	-0.0858	-0.0787
231.0676	1440	-0.0858	-0.0797
231.2476	1441	-0.0777	-0.0836
231.3755	1442	-0.0777	-0.0856
231.5427	1443	-0.0777	-0.0873
231.7108	1444	-0.0777	-0.0885
231.8771	1445	-0.0777	-0.0901
232.0425	1446	-0.0965	-0.0915
232.2186	1447	-0.0965	-0.0936
232.3753	1448	-0.0965	-0.0947
232.5679	1449	-0.0965	-0.0972
232.7105	1450	-0.0965	-0.0981
232.8750	1451	-0.0965	-0.0990
233.0455	1452	-0.0965	-0.1007
233.2304	1453	-0.0957	-0.1016
233.3911	1454	-0.0957	-0.1045
233.5429	1455	-0.0957	-0.1059
233.7092	1456	-0.0957	-0.1068
233.8749	1457	-0.0957	-0.1071
234.0416	1458	-0.0957	-0.1078
234.2375	1459	-0.0946	-0.1077
234.3752	1460	-0.0946	-0.1092
234.5631	1461	-0.0946	-0.1097
234.7085	1462	-0.0946	-0.1098
234.8748	1463	-0.0946	-0.1109
235.0441	1464	-0.0946	-0.1119
235.2146	1465	-0.0886	-0.1124
235.3761	1466	-0.0886	-0.1130
235.5463	1467	-0.0886	-0.1120
235.7080	1468	-0.0886	-0.1129
235.8865	1469	-0.0886	-0.1139
236.0428	1470	-0.0886	-0.1139
236.2109	1471	-0.3299	-0.1141
236.3976	1472	-0.3299	-0.1141
236.5414	1473	-0.3299	-0.1143
236.7086	1474	-0.3299	-0.1131
236.8772	1475	-0.3299	-0.1146
237.0435	1476	-0.3299	-0.1158
237.2135	1477	-0.3457	-0.1135
237.3770	1478	-0.3457	-0.1137
237.5612	1479	-0.3457	-0.1142
237.7084	1480	-0.3457	-0.1159
237.8758	1481	-0.3457	-0.1185
238.0430	1482	-0.3457	-0.1202
238.2088	1483	-0.0990	-0.1209
238.3852	1484	-0.0990	-0.1223
238.5416	1485	-0.0990	-0.1243
238.7100	1486	-0.0990	-0.1260
238.8751	1487	-0.0990	-0.1291
239.0423	1488	-0.0990	-0.1307
239.2087	1489	-0.0790	-0.1319
239.3870	1490	-0.0790	-0.1324
239.5428	1491	-0.0790	-0.1323
239.7080	1492	-0.0790	-0.1324
239.8792	1493	-0.0790	-0.1314
240.0426	1494	-0.0790	-0.1204
240.2248	1495	-0.0950	-0.1008
240.3747	1496	-0.0950	-0.0925
240.5424	1497	-0.0950	-0.0907
240.7080	1498	-0.0950	-0.0912
240.8764	1499	-0.0950	-0.0933
241.0433	1500	-0.0950	-0.0946
241.2239	1501	-0.0816	-0.0971
241.4006	1502	-0.0816	-0.0997
241.5423	1503	-0.0816	-0.1011
241.7085	1504	-0.0816	-0.1031
241.8743	1505	-0.0816	-0.1050
241.9631	1506	-0.0816	-0.1057
242.1277	1507	-0.0816	-0.1057
242.2934	1508	-0.0845	-0.1053
242.4595	1509	-0.0845	-0.1069
242.6281	1510	-0.0845	-0.1097
242.7991	1511	-0.0845	-0.1119
242.9569	1512	-0.0845	-0.1137
243.1211	1513	-0.0845	-0.1142
243.2873	1514	-0.0708	-0.1155
243.4534	1515	-0.0708	-0.1169
243.6231	1516	-0.0708	-0.1172
243.7881	1517	-0.0708	-0.1140
243.9501	1518	-0.0708	-0.1114
244.1416	1519	-0.0708	-0.1130
244.2806	1520	-0.0659	-0.1119
244.4471	1521	-0.0659	-0.1123
244.6181	1522	-0.0659	-0.1134
244.7805	1523	-0.0659	-0.1145
244.9450	1524	-0.0659	-0.1103
245.1157	1525	-0.0659	-0.0991
245.2772	1526	-0.0834	-0.0872
245.4651	1527	-0.0834	-0.0835
245.6088	1528	-0.0834	-0.0820
245.8197	1529	-0.0834	-0.0846
245.9395	1530	-0.0834	-0.0872
246.1024	1531	-0.0834	-0.0898
246.2696	1532	-0.0798	-0.0900
246.4462	1533	-0.0798	-0.0892
246.5998	1534	-0.0798	-0.0901
246.8061	1535	-0.0798	-0.0910
246.9293	1536	-0.0798	-0.0924
247.0958	1537	-0.0798	-0.0933
247.2646	1538	-0.0832	-0.0942
247.4415	1539	-0.0832	-0.0942
247.6581	1540	-0.0832	-0.0932
247.7598	1541	-0.0832	-0.0926
247.9230	1542	-0.0832	-0.0923
248.0882	1543	-0.0832	-0.0944
248.2547	1544	-0.0662	-0.0960
248.4298	1545	-0.0662	-0.0974
248.6016	1546	-0.0662	-0.0974
248.7531	1547	-0.0662	-0.0969
248.9161	1548	-0.0662	-0.0949
249.0943	1549	-0.0662	-0.0929
249.2504	1550	-0.0605	-0.0919
249.4170	1551	-0.0605	-0.0912
249.6245	1552	-0.0605	-0.0903
249.7459	1553	-0.0605	-0.0886
249.9131	1554	-0.0605	-0.0860
250.0755	1555	-0.0605	-0.0837
250.2464	1556	-0.0522	-0.0820
250.4081	1557	-0.0522	-0.0803
250.5736	1558	-0.0522	-0.0797
250.7469	1559	-0.0522	-0.0786
250.9042	1560	-0.0522	-0.0768
251.0688	1561	-0.0522	-0.0746
251.2353	1562	-0.0600	-0.0742
251.4026	1563	-0.0600	-0.0751
251.5685	1564	-0.0600	-0.0764
251.7341	1565	-0.0600	-0.0780
251.8968	1566	-0.0600	-0.0794
252.0650	1567	-0.0600	-0.0822
252.2301	1568	-0.0344	-0.0835
252.4468	1569	-0.0344	-0.0862
252.5585	1570	-0.0344	-0.0872
252.7250	1571	-0.0344	-0.0895
252.8905	1572	-0.0344	-0.0912
253.0978	1573	-0.0344	-0.0930
253.2257	1574	-0.0259	-0.0948
253.4429	1575	-0.0259	-0.0974
253.5522	1576	-0.0259	-0.0981
253.7630	1577	-0.0259	-0.0996
253.8847	1578	-0.0259	-0.1007
254.0556	1579	-0.0259	-0.1023
254.2613	1580	-0.0268	-0.1034
254.3805	1581	-0.0268	-0.1011
254.5884	1582	-0.0268	-0.0922
254.7213	1583	-0.0268	-0.0864
254.8830	1584	-0.0268	-0.0832
255.0448	1585	-0.0268	-0.0825
255.2288	1586	-0.0346	-0.0833
255.3747	1587	-0.0346	-0.0828
255.5909	1588	-0.0346	-0.0840
255.7071	1589	-0.0346	-0.0847
255.8747	1590	-0.0346	-0.0851
256.0412	1591	-0.0346	-0.0860
256.2155	1592	-0.0481	-0.0871
256.3822	1593	-0.0481	-0.0853
256.5408	1594	-0.0481	-0.0831
256.7178	1595	-0.0481	-0.0804
256.8769	1596	-0.0481	-0.0780
257.0429	1597	-0.0481	-0.0776
257.2089	1598	-0.0540	-0.0778
257.3744	1599	-0.0540	-0.0788
257.5437	1600	-0.0540	-0.0810
257.7081	1601	-0.0540	-0.0823
257.8742	1602	-0.0540	-0.0822
258.0424	1603	-0.0540	-0.0842
258.2102	1604	-0.0498	-0.0867
258.3763	1605	-0.0498	-0.0873
258.5643	1606	-0.0498	-0.0882
258.7273	1607	-0.0498	-0.0891
258.8751	1608	-0.0498	-0.0899
259.0450	1609	-0.0498	-0.0893
259.2381	1610	-0.0436	-0.0913
259.3742	1611	-0.0436	-0.0933
259.5637	1612	-0.0436	-0.0958
259.7087	1613	-0.0436	-0.0968
259.8759	1614	-0.0436	-0.0973
260.0453	1615	-0.0436	-0.0977
260.2078	1616	-0.0294	-0.0986
260.3743	1617	-0.0294	-0.0992
260.5414	1618	-0.0294	-0.0992
260.7098	1619	-0.0294	-0.1005
260.8746	1620	-0.0294	-0.1010
261.0414	1621	-0.0294	-0.1025
261.2090	1622	-0.0394	-0.1038
261.3925	1623	-0.0394	-0.1045
261.5415	1624	-0.0394	-0.1060
261.7087	1625	-0.0394	-0.1064
261.8791	1626	-0.0394	-0.1078
262.0415	1627	-0.0394	-0.1047
262.2151	1628	-0.0667	-0.0954
262.4000	1629	-0.0667	-0.0814
262.5425	1630	-0.0667	-0.0780
262.7079	1631	-0.0667	-0.0771
262.8750	1632	-0.0667	-0.0784
263.0595	1633	-0.0667	-0.0802
263.2085	1634	-0.0819	-0.0824
263.3990	1635	-0.0819	-0.0846
263.5429	1636	-0.0819	-0.0874
263.7250	1637	-0.0819	-0.0874
263.8965	1638	-0.0819	-0.0866
264.0417	1639	-0.0819	-0.0881
264.2091	1640	-0.0819	-0.0923
264.3953	1641	-0.0819	-0.0961
264.5592	1642	-0.0789	-0.0971
264.7093	1643	-0.0789	-0.0976
264.8750	1644	-0.0789	-0.1000
265.0439	1645	-0.0789	-0.1018
265.2109	1646	-0.0629	-0.1035
265.3755	1647	-0.0629	-0.1041
265.5435	1648	-0.0629	-0.1053
265.7077	1649	-0.0629	-0.1062
265.8756	1650	-0.0629	-0.1061
266.0425	1651	-0.0629	-0.1075
266.2087	1652	-0.0377	-0.1087
266.3769	1653	-0.0377	-0.1111
266.5446	1654	-0.0377	-0.1134
266.7152	1655	-0.0377	-0.1140
266.8762	1656	-0.0377	-0.1145
267.0634	1657	-0.0377	-0.1151
267.2115	1658	-0.3240	-0.1165
267.2984	1659	-0.3240	-0.1168
267.4623	1660	-0.3240	-0.1182
267.6381	1661	-0.3240	-0.1182
267.8424	1662	-0.3240	-0.1177
267.9599	1663	-0.3240	-0.1188
268.1256	1664	-0.3240	-0.1208
268.2890	1665	-0.4776	-0.1494
268.4565	1666	-0.4776	-0.1494
268.6248	1667	-0.4776	-0.1479
268.8395	1668	-0.4776	-0.1486
268.9518	1669	-0.4776	-0.1492
269.1223	1670	-0.4776	-0.1508
269.2848	1671	-0.1614	-0.1502
269.4501	1672	-0.1614	-0.1502
269.6269	1673	-0.1614	-0.1503
269.8301	1674	-0.1614	-0.1501
269.9460	1675	-0.1614	-0.1493
270.1136	1676	-0.1614	-0.1501
270.2767	1677	-0.0017	-0.1520
270.4430	1678	-0.0017	-0.1539
270.6132	1679	-0.0017	-0.1537
270.8256	1680	-0.0017	-0.1520
270.9386	1681	-0.0017	-0.1492
271.1078	1682	-0.0017	-0.1339
271.2722	1683	-0.0352	-0.1129
271.4374	1684	-0.0352	-0.1018
271.6276	1685	-0.0352	-0.0961
271.8127	1686	-0.0352	-0.0966
271.9321	1687	-0.0352	-0.0983
272.1039	1688	-0.0352	-0.0999
272.2654	1689	-0.0322	-0.1011
272.4347	1690	-0.0322	-0.1017
272.6481	1691	-0.0322	-0.1049
272.7596	1692	-0.0322	-0.1065
272.9255	1693	-0.0322	-0.1073
273.0929	1694	-0.0322	-0.1080
273.2611	1695	-0.0371	-0.1092
273.4327	1696	-0.0371	-0.1092
273.6222	1697	-0.0371	-0.1101
273.7536	1698	-0.0371	-0.1113
273.9188	1699	-0.0371	-0.1135
274.0901	1700	-0.0371	-0.1155
274.2560	1701	-0.0527	-0.1177
274.4195	1702	-0.0527	-0.1183
274.5835	1703	-0.0527	-0.1201
274.7476	1704	-0.0527	-0.1209
274.9530	1705	-0.0527	-0.1221
275.0783	1706	-0.0527	-0.1244
275.2447	1707	-0.0626	-0.1263
275.4102	1708	-0.0626	-0.1276
275.5922	1709	-0.0626	-0.1284
275.7829	1710	-0.0626	-0.1304
275.9080	1711	-0.0626	-0.1319
276.0742	1712	-0.0626	-0.1328
276.2386	1713	-0.0749	-0.1316
276.4034	1714	-0.0749	-0.1317
276.5864	1715	-0.0749	-0.1315
276.7346	1716	-0.0749	-0.1324
276.9369	1717	-0.0749	-0.1345
277.0681	1718	-0.0749	-0.1358
277.2512	1719	-0.0671	-0.1357
277.4319	1720	-0.0671	-0.1318
277.5615	1721	-0.0671	-0.1265
277.7765	1722	-0.0671	-0.1180
277.9365	1723	-0.0671	-0.1121
278.0592	1724	-0.0671	-0.1091
278.2704	1725	-0.0725	-0.1087
278.3918	1726	-0.0725	-0.1091
278.5754	1727	-0.0725	-0.1097
278.7347	1728	-0.0725	-0.1132
278.8869	1729	-0.0725	-0.1137
279.0701	1730	-0.0725	-0.1169
279.2705	1731	-0.0696	-0.1189
279.3827	1732	-0.0696	-0.1202
279.5546	1733	-0.0696	-0.1225
279.7592	1734	-0.0696	-0.1241
279.8821	1735	-0.0696	-0.1247
280.0497	1736	-0.0696	-0.1252
280.2153	1737	-0.0696	-0.1252
280.3810	1738	-0.0696	-0.1278
280.5470	1739	-0.0696	-0.1299
280.7388	1740	-0.0522	-0.1320
280.8804	1741	-0.0522	-0.1334
281.0448	1742	-0.0522	-0.1361
281.2226	1743	-0.0600	-0.1373
281.3775	1744	-0.0600	-0.1372
281.5436	1745	-0.0600	-0.1340
281.7115	1746	-0.0600	-0.1313
281.8759	1747	-0.0600	-0.1266
282.0434	1748	-0.0600	-0.1199
282.2451	1749	-0.0898	-0.1107
282.3903	1750	-0.0898	-0.1032
282.5494	1751	-0.0898	-0.0952
282.7091	1752	-0.0898	-0.0890
282.8761	1753	-0.0898	-0.0884
283.0426	1754	-0.0898	-0.0893
283.2227	1755	-0.0892	-0.0903
283.3770	1756	-0.0892	-0.0913
283.5429	1757	-0.0892	-0.0929
283.7174	1758	-0.0892	-0.0945
283.8765	1759	-0.0892	-0.0940
284.0444	1760	-0.0892	-0.0947
284.2116	1761	-0.0631	-0.0962
284.3761	1762	-0.0631	-0.0977
284.5442	1763	-0.0631	-0.0976
284.7101	1764	-0.0631	-0.0990
284.8842	1765	-0.0631	-0.1006
285.0545	1766	-0.0631	-0.1020
285.2113	1767	-0.0412	-0.1044
285.3776	1768	-0.0412	-0.1050
285.5446	1769	-0.0412	-0.1071
285.7116	1770	-0.0412	-0.1087
285.8773	1771	-0.0412	-0.1091
286.0440	1772	-0.0412	-0.1097
286.2113	1773	-0.0416	-0.1098
286.4036	1774	-0.0416	-0.1103
286.5439	1775	-0.0416	-0.1114
286.7273	1776	-0.0416	-0.1134
286.8786	1777	-0.0416	-0.1153
287.0441	1778	-0.0416	-0.1177
287.2126	1779	-0.0468	-0.1200
287.3980	1780	-0.0468	-0.1134
287.5596	1781	-0.0468	-0.1047
287.7099	1782	-0.0468	-0.0965
287.8798	1783	-0.0468	-0.0963
288.0649	1784	-0.0468	-0.0952
288.2116	1785	-0.0572	-0.0950
288.3796	1786	-0.0572	-0.0969
288.5434	1787	-0.0572	-0.0987
288.7164	1788	-0.0572	-0.1011
288.8838	1789	-0.0572	-0.1022
289.0436	1790	-0.0572	-0.1038
289.2383	1791	-0.0749	-0.1052
289.4018	1792	-0.0749	-0.0984
289.5451	1793	-0.0749	-0.0936
289.7127	1794	-0.0749	-0.0909
289.8767	1795	-0.0749	-0.0922
290.0475	1796	-0.0749	-0.0918
290.2123	1797	-0.0749	-0.0936
290.3786	1798	-0.0856	-0.0966
290.5633	1799	-0.0856	-0.0971
290.7278	1800	-0.0856	-0.0999
290.8774	1801	-0.0856	-0.1008
291.0445	1802	-0.0856	-0.1019
291.2286	1803	-0.1007	-0.1027
291.3951	1804	-0.1007	-0.1035
291.5671	1805	-0.1007	-0.1043
291.7122	1806	-0.1007	-0.1048
291.8778	1807	-0.1007	-0.1063
292.0457	1808	-0.1007	-0.1056
292.2130	1809	-0.1188	-0.0983
292.3994	1810	-0.1188	-0.0830
292.4917	1811	-0.1188	-0.0726
292.6727	1812	-0.1188	-0.0684
292.8332	1813	-0.1188	-0.0671
292.9630	1814	-0.1188	-0.0699
293.1278	1815	-0.1188	-0.0715
293.2951	1816	-0.1237	-0.0744
293.4595	1817	-0.1237	-0.0750
293.6644	1818	-0.1237	-0.0795
293.7905	1819	-0.1237	-0.0808
293.9610	1820	-0.1237	-0.0821
294.1690	1821	-0.1237	-0.0844
294.2874	1822	-0.1180	-0.0856
294.4546	1823	-0.1180	-0.0868
294.6666	1824	-0.1180	-0.0867
294.7839	1825	-0.1180	-0.0868
294.9793	1826	-0.1180	-0.0877
295.1608	1827	-0.1180	-0.0878
295.2821	1828	-0.1199	-0.0888
295.4520	1829	-0.1199	-0.0904
295.6259	1830	-0.1199	-0.0923
295.8072	1831	-0.1199	-0.0932
295.9477	1832	-0.1199	-0.0940
296.1611	1833	-0.1199	-0.0962
296.2757	1834	-0.1192	-0.0971
296.4854	1835	-0.1192	-0.0996
296.6077	1836	-0.1192	-0.0996
296.8178	1837	-0.1192	-0.1017
296.9377	1838	-0.1084	-0.1036
297.1059	1839	-0.1084	-0.1061
297.2696	1840	-0.1084	-0.1077
297.4389	1841	-0.1084	-0.1098
297.6022	1842	-0.1084	-0.1101
297.7705	1843	-0.1084	-0.1120
297.9340	1844	-0.1084	-0.1143
298.0962	1845	-0.1084	-0.1157
298.2744	1846	-0.4187	-0.1173
298.4702	1847	-0.4187	-0.1199
298.5970	1848	-0.4187	-0.1200
298.8039	1849	-0.4187	-0.1157
298.9239	1850	-0.4187	-0.1116
299.0910	1851	-0.4187	-0.1078
299.2557	1852	-0.3765	-0.1034
299.4346	1853	-0.3765	-0.1055
299.6112	1854	-0.3765	-0.1030
299.7522	1855	-0.3765	-0.1018
299.9428	1856	-0.3765	-0.1034
300.1066	1857	-0.3765	-0.1037
300.2727	1858	-0.1036	-0.0995
300.4591	1859	-0.1036	-0.0968
300.5805	1860	-0.1036	-0.0974
300.7494	1861	-0.1036	-0.0983
300.9110	1862	-0.1036	-0.0993
301.0811	1863	-0.1036	-0.1015
301.2424	1864	-0.0834	-0.1035
301.4214	1865	-0.0834	-0.1059
301.5771	1866	-0.0834	-0.1073
301.7780	1867	-0.0834	-0.1096
301.9058	1868	-0.0834	-0.1120
302.0707	1869	-0.0834	-0.1160
302.2388	1870	-0.0811	-0.1182
302.4027	1871	-0.0811	-0.1189
302.5678	1872	-0.0811	-0.1121
302.7348	1873	-0.0811	-0.1019
302.9061	1874	-0.0811	-0.0944
303.0681	1875	-0.0811	-0.0954
303.2400	1876	-0.0891	-0.0968
303.4040	1877	-0.0891	-0.0994
303.6103	1878	-0.0891	-0.1022
303.7262	1879	-0.0891	-0.1035
303.8932	1880	-0.0891	-0.1059
304.0586	1881	-0.0891	-0.1072
304.2278	1882	-0.0675	-0.1087
304.4024	1883	-0.0675	-0.1108
304.5555	1884	-0.0675	-0.1132
304.7219	1885	-0.0675	-0.1148
304.8889	1886	-0.0675	-0.1146
305.0540	1887	-0.0675	-0.1028
305.2400	1888	-0.0579	-0.0882
305.4178	1889	-0.0579	-0.0842
305.5896	1890	-0.0579	-0.0842
305.7162	1891	-0.0579	-0.0860
305.8803	1892	-0.0579	-0.0896
306.0993	1893	-0.0579	-0.0928
306.2140	1894	-0.0374	-0.0937
306.4124	1895	-0.0374	-0.0953
306.5467	1896	-0.0374	-0.0973
306.7138	1897	-0.0374	-0.0983
306.8803	1898	-0.0374	-0.0983
307.0470	1899	-0.0374	-0.0987
307.2193	1900	-0.0412	-0.1004
307.3804	1901	-0.0412	-0.1018
307.5706	1902	-0.0412	-0.1025
307.7132	1903	-0.0412	-0.1036
307.8798	1904	-0.0412	-0.1046
308.0467	1905	-0.0412	-0.1063
308.2246	1906	-0.0549	-0.1051
308.3827	1907	-0.0549	-0.1022
308.5545	1908	-0.0549	-0.0970
308.7133	1909	-0.0549	-0.0913
308.8801	1910	-0.0549	-0.0899
309.0495	1911	-0.0549	-0.0907
309.2145	1912	-0.0730	-0.0929
309.3810	1913	-0.0730	-0.0944
309.5708	1914	-0.0730	-0.0961
309.7131	1915	-0.0730	-0.0980
309.8814	1916	-0.0730	-0.1003
310.0481	1917	-0.0730	-0.1022
310.2158	1918	-0.0821	-0.1028
310.3803	1919	-0.0821	-0.0983
310.5477	1920	-0.0821	-0.0939
310.7150	1921	-0.0821	-0.0919
310.8813	1922	-0.0821	-0.0915
311.0482	1923	-0.0821	-0.0921
311.2142	1924	-0.0775	-0.0934
311.3803	1925	-0.0775	-0.0947
311.5507	1926	-0.0775	-0.0950
311.7147	1927	-0.0775	-0.0958
311.8806	1928	-0.0775	-0.0969
312.0591	1929	-0.0775	-0.0978
312.2146	1930	-0.0739	-0.0985
312.3879	1931	-0.0739	-0.0995
312.5474	1932	-0.0739	-0.0998
312.7142	1933	-0.0739	-0.1013
312.8821	1934	-0.0739	-0.0998
313.0479	1935	-0.0683	-0.0979
313.2174	1936	-0.0683	-0.0951
313.3809	1937	-0.0683	-0.0922
313.5487	1938	-0.0683	-0.0896
313.7146	1939	-0.0683	-0.0875
313.8814	1940	-0.0683	-0.0881
314.0476	1941	-0.0683	-0.0884
314.2249	1942	-0.0525	-0.0880
314.3894	1943	-0.0525	-0.0880
314.5824	1944	-0.0525	-0.0906
314.7154	1945	-0.0525	-0.0931
314.8816	1946	-0.0525	-0.0931
315.0514	1947	-0.0525	-0.0963
315.2163	1948	-0.0525	-0.0964
315.3873	1949	-0.0391	-0.1004
315.5524	1950	-0.0391	-0.1023
315.7145	1951	-0.0391	-0.1037
315.8812	1952	-0.0391	-0.1038
316.0479	1953	-0.0391	-0.1055
316.2225	1954	-0.0391	-0.1079
316.4043	1955	-0.0309	-0.1082
316.5486	1956	-0.0309	-0.1102
316.7146	1957	-0.0309	-0.1102
316.8876	1958	-0.0309	-0.1070
317.0494	1959	-0.0309	-0.1011
317.2288	1960	-0.0514	-0.0935
317.3958	1961	-0.0514	-0.0907
317.5668	1962	-0.0514	-0.0905
317.7148	1963	-0.0514	-0.0920
317.8423	1964	-0.0514	-0.0936
317.9706	1965	-0.0514	-0.0957
318.1367	1966	-0.0514	-0.0979
318.3001	1967	-0.0449	-0.0991
318.4827	1968	-0.0449	-0.1003
318.6342	1969	-0.0449	-0.1014
318.8468	1970	-0.0449	-0.1023
318.9626	1971	-0.0449	-0.1036
319.1293	1972	-0.0449	-0.1051
319.2975	1973	-0.0473	-0.1065
319.4601	1974	-0.0473	-0.1073
319.6276	1975	-0.0473	-0.1097
319.8429	1976	-0.0473	-0.1126
319.9554	1977	-0.0473	-0.1132
320.1707	1978	-0.0473	-0.1159
320.2891	1979	-0.0436	-0.1169
320.4534	1980	-0.0436	-0.1181
320.6217	1981	-0.0436	-0.1174
320.8366	1982	-0.0436	-0.1114
320.9499	1983	-0.0436	-0.1069
321.1167	1984	-0.0436	-0.1021
321.2822	1985	-0.0598	-0.1022
321.4484	1986	-0.0598	-0.1025
321.6124	1987	-0.0598	-0.1032
321.7807	1988	-0.0598	-0.1038
321.9481	1989	-0.0598	-0.1037
322.1467	1990	-0.0598	-0.1050
322.2744	1991	-0.0575	-0.1065
322.4413	1992	-0.0575	-0.1070
322.6082	1993	-0.0575	-0.1085
322.7763	1994	-0.0575	-0.1096
322.9397	1995	-0.0575	-0.1109
323.1046	1996	-0.0575	-0.1115
323.2694	1997	-0.0571	-0.1126
323.4381	1998	-0.0571	-0.1144
323.5997	1999	-0.0571	-0.1163
323.7982	2000	-0.0571	-0.1181
323.9314	2001	-0.0571	-0.1195
324.0971	2002	-0.0571	-0.1209
324.2640	2003	-0.0714	-0.1195
324.4390	2004	-0.0714	-0.1114
324.5931	2005	-0.0714	-0.0990
324.7873	2006	-0.0714	-0.0868
324.9274	2007	-0.0714	-0.0856
325.0905	2008	-0.0714	-0.0854
325.2593	2009	-0.0740	-0.0862
325.4241	2010	-0.0740	-0.0882
325.6125	2011	-0.0740	-0.0895
325.7557	2012	-0.0740	-0.0903
325.9179	2013	-0.0740	-0.0915
326.0974	2014	-0.0740	-0.0932
326.2498	2015	-0.0611	-0.0951
326.4446	2016	-0.0611	-0.0965
326.6330	2017	-0.0611	-0.0979
326.7457	2018	-0.0611	-0.0994
326.9571	2019	-0.0611	-0.1024
327.0787	2020	-0.0611	-0.1033
327.2490	2021	-0.0508	-0.1043
327.4587	2022	-0.0508	-0.1057
327.5776	2023	-0.0508	-0.1071
327.7397	2024	-0.0508	-0.1082
327.9047	2025	-0.0508	-0.1087
328.0746	2026	-0.0508	-0.1093
328.2620	2027	-0.0492	-0.1108
328.4041	2028	-0.0492	-0.1111
328.5690	2029	-0.0492	-0.1122
328.7690	2030	-0.0492	-0.1140
328.8981	2031	-0.0492	-0.1152
329.0668	2032	-0.0492	-0.1165
329.2762	2033	-0.0492	-0.1160
329.4295	2034	-0.1585	-0.1162
329.5620	2035	-0.1585	-0.1171
329.7445	2036	-0.1585	-0.1192
329.8936	2037	-0.1585	-0.1199
330.0628	2038	-0.1585	-0.1208
330.2276	2039	0.3294	-0.1497
330.3926	2040	0.3294	-0.1510
330.5613	2041	0.3294	-0.1531
330.7330	2042	0.3294	-0.1542
330.8879	2043	0.3294	-0.1556
331.0554	2044	0.3294	-0.1568
331.2188	2045	0.0273	-0.1567
331.3880	2046	0.0273	-0.1573
331.5539	2047	0.0273	-0.1579
331.7178	2048	0.0273	-0.1589
331.8848	2049	0.0273	-0.1595
332.0516	2050	0.0273	-0.1602
332.2222	2051	0.0195	-0.1613
332.4249	2052	0.0195	-0.1622
332.5511	2053	0.0195	-0.1620
332.7181	2054	0.0195	-0.1579
332.8851	2055	0.0195	-0.1527
333.0533	2056	0.0195	-0.1464
333.2208	2057	0.0019	-0.1451
333.3853	2058	0.0019	-0.1454
333.5858	2059	0.0019	-0.1465
333.7183	2060	0.0019	-0.1480
333.8863	2061	0.0019	-0.1498
334.0681	2062	0.0019	-0.1511
334.2186	2063	0.0066	-0.1524
334.3884	2064	0.0066	-0.1538
334.5744	2065	0.0066	-0.1550
334.7184	2066	0.0066	-0.1556
334.8851	2067	0.0066	-0.1565
335.0866	2068	0.0066	-0.1574
335.2186	2069	0.0175	-0.1581
335.4174	2070	0.0175	-0.1576
335.5528	2071	0.0175	-0.1547
335.7191	2072	0.0175	-0.1506
335.8855	2073	0.0175	-0.1464
336.0540	2074	0.0175	-0.1414
336.2212	2075	0.0071	-0.1382
336.4104	2076	0.0071	-0.1388
336.5520	2077	0.0071	-0.1393
336.7194	2078	0.0071	-0.1409
336.8877	2079	0.0071	-0.1426
337.0527	2080	0.0071	-0.1443
337.2194	2081	0.0226	-0.1457
337.3863	2082	0.0226	-0.1465
337.5712	2083	0.0226	-0.1474
337.7233	2084	0.0226	-0.1480
337.8866	2085	0.0226	-0.1496
338.0536	2086	0.0226	-0.1507
338.2194	2087	-0.0298	-0.1520
338.3885	2088	-0.0298	-0.1538
338.5598	2089	-0.0298	-0.1550
338.7197	2090	-0.0298	-0.1558
338.8885	2091	-0.0298	-0.1564
339.0529	2092	-0.0298	-0.1569
339.2208	2093	-0.0090	-0.1573
339.3872	2094	-0.0090	-0.1588
339.5547	2095	-0.0090	-0.1602
339.7206	2096	-0.0090	-0.1609
339.8889	2097	-0.0090	-0.1622
340.0550	2098	-0.0090	-0.1632
340.2206	2099	-0.0037	-0.1644
340.4068	2100	-0.0037	-0.1654
340.5548	2101	-0.0037	-0.1658
340.7203	2102	-0.0037	-0.1658
340.8871	2103	-0.0037	-0.1667
341.0540	2104	-0.0037	-0.1676
341.2262	2105	-0.0020	-0.1690
341.3921	2106	-0.0020	-0.1712
341.5545	2107	-0.0020	-0.1715
341.7268	2108	-0.0020	-0.1718
341.8895	2109	-0.0020	-0.1719
342.0561	2110	-0.0020	-0.1693
342.2298	2111	-0.0256	-0.1650
342.3978	2112	-0.0256	-0.1568
342.5546	2113	-0.0256	-0.1479
342.7403	2114	-0.0256	-0.1379
342.8901	2115	-0.0256	-0.1378
343.0832	2116	-0.0256	-0.1356
343.1452	2117	-0.0256	-0.1358
343.3110	2118	-0.0311	-0.1375
343.5060	2119	-0.0311	-0.1401
343.6424	2120	-0.0311	-0.1413
343.8093	2121	-0.0311	-0.1426
343.9696	2122	-0.0311	-0.1436
344.1352	2123	-0.0311	-0.1451
344.3007	2124	-0.0450	-0.1463
344.4681	2125	-0.0450	-0.1462
344.6393	2126	-0.0450	-0.1458
344.8462	2127	-0.0450	-0.1449
344.9646	2128	-0.0450	-0.1454
345.1291	2129	-0.0450	-0.1455
345.3148	2130	-0.0450	-0.1461
345.4624	2131	-0.0638	-0.1488
345.6252	2132	-0.0638	-0.1499
345.8399	2133	-0.0638	-0.1508
345.9586	2134	-0.0638	-0.1507
346.1233	2135	-0.0638	-0.1517
346.2877	2136	-0.0689	-0.1526
346.4534	2137	-0.0689	-0.1526
346.6188	2138	-0.0689	-0.1533
346.7853	2139	-0.0689	-0.1527
346.9534	2140	-0.0689	-0.1522
347.1184	2141	-0.0689	-0.1523
347.2839	2142	-0.0720	-0.1536
347.4553	2143	-0.0720	-0.1556
347.6148	2144	-0.0720	-0.1556
347.8121	2145	-0.0720	-0.1563
347.9472	2146	-0.0720	-0.1570
348.1107	2147	-0.0720	-0.1575
348.2774	2148	-0.0669	-0.1586
348.4619	2149	-0.0669	-0.1595
348.6597	2150	-0.0669	-0.1607
348.7745	2151	-0.0669	-0.1610
348.9395	2152	-0.0669	-0.1607
349.1051	2153	-0.0669	-0.1602
349.2704	2154	-0.0440	-0.1606
349.4475	2155	-0.0440	-0.1601
349.6070	2156	-0.0440	-0.1596
349.7658	2157	-0.0440	-0.1593
349.9334	2158	-0.0440	-0.1600
350.0986	2159	-0.0440	-0.1549
350.2640	2160	-0.0448	-0.1473
350.4290	2161	-0.0448	-0.1342
350.5943	2162	-0.0448	-0.1308
350.7610	2163	-0.0448	-0.1314
350.9278	2164	-0.0448	-0.1340
351.1132	2165	-0.0448	-0.1367
351.2565	2166	-0.0499	-0.1400
351.4220	2167	-0.0499	-0.1412
351.6365	2168	-0.0499	-0.1415
351.7958	2169	-0.0499	-0.1420
351.9220	2170	-0.0499	-0.1429
352.1328	2171	-0.0499	-0.1456
352.2512	2172	-0.0527	-0.1462
352.4166	2173	-0.0527	-0.1468
352.6282	2174	-0.0527	-0.1474
352.7479	2175	-0.0527	-0.1486
352.9155	2176	-0.0527	-0.1488
353.0796	2177	-0.0527	-0.1491
353.2505	2178	-0.0553	-0.1496
353.4209	2179	-0.0553	-0.1510
353.5773	2180	-0.0553	-0.1531
353.7868	2181	-0.0553	-0.1547
353.9106	2182	-0.0553	-0.1554
354.1017	2183	-0.0553	-0.1570
354.2833	2184	-0.0487	-0.1584
354.4133	2185	-0.0487	-0.1588
354.5721	2186	-0.0487	-0.1588
354.7363	2187	-0.0487	-0.1585
354.8996	2188	-0.0487	-0.1592
355.0667	2189	-0.0487	-0.1592
355.2356	2190	-0.0507	-0.1601
355.3993	2191	-0.0507	-0.1611
355.5756	2192	-0.0507	-0.1621
355.7287	2193	-0.0507	-0.1630
355.8960	2194	-0.0507	-0.1635
356.0626	2195	-0.0507	-0.1633
356.2305	2196	-0.0593	-0.1636
356.3999	2197	-0.0593	-0.1637
356.5571	2198	-0.0593	-0.1644
356.7281	2199	-0.0593	-0.1639
356.8911	2200	-0.0593	-0.1648
357.0582	2201	-0.0593	-0.1654
357.2248	2202	-0.2801	-0.1653
357.3916	2203	-0.2801	-0.1661
357.5579	2204	-0.2801	-0.1680
357.7269	2205	-0.2801	-0.1691
357.8913	2206	-0.2801	-0.1715
358.0581	2207	-0.2801	-0.1740
358.2503	2208	-0.5994	-0.1766
358.3932	2209	-0.5994	-0.1771
358.5595	2210	-0.5994	-0.1783
358.7244	2211	-0.5994	-0.1800
358.8910	2212	-0.5994	-0.1817
359.0585	2213	-0.5994	-0.1827
359.2273	2214	-0.9151	-0.1839
359.3965	2215	-0.9151	-0.1849
359.5613	2216	-0.9151	-0.1866
359.7248	2217	-0.9151	-0.1876
359.8914	2218	-0.9151	-0.1875
360.0587	2219	-0.9151	-0.1883
360.2579	2220	-1.0703	-0.1893
360.3929	2221	-1.0703	-0.1905
360.5606	2222	-1.0703	-0.1907
360.7249	2223	-1.0703	-0.1905
360.8993	2224	-1.0703	-0.1905
361.0583	2225	-1.0703	-0.1902
361.2284	2226	-1.0703	-0.1903
361.3995	2227	-1.0703	-0.1900
361.5584	2228	-1.0859	-0.1910
361.7253	2229	-1.0859	-0.1917
361.8920	2230	-1.0859	-0.1920
362.0661	2231	-1.0859	-0.1919
362.2281	2232	-1.0910	-0.1919
362.3927	2233	-1.0910	-0.1918
362.5598	2234	-1.0910	-0.1917
362.7255	2235	-1.0910	-0.1916
362.8952	2236	-1.0910	-0.1914
363.0613	2237	-1.0910	-0.1912
363.2492	2238	-1.0896	-0.1910
363.3920	2239	-1.0896	-0.1908
363.5627	2240	-1.0896	-0.1907
363.7278	2241	-1.0896	-0.1906
363.9080	2242	-1.0896	-0.1906
364.0672	2243	-1.0896	-0.1906
364.2488	2244	-1.0888	-0.1905
364.3953	2245	-1.0888	-0.1904
364.5775	2246	-1.0888	-0.1904
364.7412	2247	-1.0888	-0.1904
364.8926	2248	-1.0888	-0.1904
365.0843	2249	-1.0888	-0.1903
365.2449	2250	-1.0904	-0.1903
365.3960	2251	-1.0904	-0.1902
365.5615	2252	-1.0904	-0.1902
365.7277	2253	-1.0904	-0.1902
365.8952	2254	-1.0904	-0.1899
366.0813	2255	-1.0904	-0.1898
366.2305	2256	-1.0857	-0.1897
366.3947	2257	-1.0857	-0.1896
366.5596	2258	-1.0857	-0.1893
366.7267	2259	-1.0857	-0.1891
366.8938	2260	-1.0857	-0.1889
367.0653	2261	-1.0857	-0.1888
367.2287	2262	-1.0879	-0.1887
367.3944	2263	-1.0879	-0.1888
367.5625	2264	-1.0879	-0.1887
367.7290	2265	-1.0879	-0.1887
367.8945	2266	-1.0879	-0.1887
368.0607	2267	-1.0879	-0.1887
368.2296	2268	-1.0879	-0.1888
368.3186	2269	-1.0879	-0.1888
