dt(GPS)	frame	LO	AO
0.0000	0	2.0669	0.1965
0.0000	1	2.0678	0.1980
0.0000	2	2.0685	0.1989
0.0000	3	2.0691	0.1997
0.0000	4	2.0697	0.2007
0.0000	5	2.0699	0.2011
0.9999	6	2.0719	0.2017
0.9999	7	2.0720	0.2017
0.9999	8	2.0721	0.2019
0.9999	9	2.0719	0.2020
0.9999	10	2.0722	0.2028
0.9999	11	2.0723	0.2032
2.0004	12	2.0749	0.2034
2.0004	13	2.0752	0.2036
2.0004	14	2.0755	0.2040
2.0004	15	2.0753	0.2040
2.0004	16	2.0755	0.2042
2.0004	17	2.0751	0.2037
3.0001	18	2.0687	0.2045
3.0001	19	2.0690	0.2048
3.0001	20	2.0691	0.2051
3.0001	21	2.0695	0.2059
3.0001	22	2.0694	0.2058
3.0001	23	2.0696	0.2060
3.0001	24	2.0695	0.2060
4.0003	25	2.0774	0.2060
4.0003	26	2.0773	0.2060
4.0003	27	2.0776	0.2063
4.0003	28	2.0780	0.2069
4.0003	29	2.0782	0.2069
5.0004	30	2.0781	0.2071
5.0004	31	2.0786	0.2076
5.0004	32	2.0789	0.2082
5.0004	33	2.0789	0.2083
5.0004	34	2.0790	0.2086
5.0004	35	2.0794	0.2092
5.0004	36	2.0796	0.2096
6.0002	37	2.0779	0.2100
6.0002	38	2.0782	0.2104
6.0002	39	2.0784	0.2108
6.0002	40	2.0785	0.2112
6.0002	41	2.0784	0.2109
6.0002	42	2.0784	0.2112
6.9999	43	2.0782	0.2112
6.9999	44	2.0785	0.2116
6.9999	45	2.0784	0.2115
6.9999	46	2.0787	0.2117
6.9999	47	2.0787	0.2118
6.9999	48	2.0785	0.2116
8.0003	49	2.0781	0.2118
8.0003	50	2.0781	0.2117
8.0003	51	2.0780	0.2115
8.0003	52	2.0777	0.2110
8.0003	53	2.0778	0.2112
8.0003	54	2.0780	0.2115
9.0006	55	2.0823	0.2113
9.0006	56	2.0823	0.2114
9.0006	57	2.0822	0.2112
9.0006	58	2.0820	0.2111
9.0006	59	2.0823	0.2111
9.0006	60	2.0822	0.2110
10.0012	61	2.0776	0.2106
10.0012	62	2.0775	0.2106
10.0012	63	2.0775	0.2102
10.0012	64	2.0775	0.2102
10.0012	65	2.0773	0.2099
10.0012	66	2.0770	0.2097
11.0004	67	2.0802	0.2090
11.0004	68	2.0798	0.2086
11.0004	69	2.0795	0.2080
11.0004	70	2.0791	0.2075
11.0004	71	2.0789	0.2071
11.0004	72	2.0789	0.2067
12.0005	73	2.0777	0.2067
12.0005	74	2.0776	0.2065
12.0005	75	2.0771	0.2062
12.0005	76	2.0770	0.2061
12.0005	77	2.0772	0.2056
12.0005	78	2.0785	0.2062
13.0002	79	2.0821	0.2068
13.0002	80	2.0826	0.2077
13.0002	81	2.0829	0.2078
13.0002	82	2.0834	0.2082
13.0002	83	2.0847	0.2085
13.0002	84	2.0855	0.2083
14.0004	85	2.0841	0.2088
14.0004	86	2.0860	0.2100
14.0004	87	2.0857	0.2100
14.0004	88	2.0857	0.2095
14.0004	89	2.0842	0.2076
14.0004	90	2.0834	0.2065
15.0006	91	2.0839	0.2058
15.0006	92	2.0834	0.2049
15.0006	93	2.0827	0.2045
15.0006	94	2.0815	0.2034
15.0006	95	2.0811	0.2030
15.0006	96	2.0805	0.2022
16.0006	97	2.0814	0.2018
16.0006	98	2.0836	0.2020
16.0006	99	2.0873	0.2038
16.0006	100	2.0876	0.2052
16.0006	101	2.0878	0.2057
16.0006	102	2.0891	0.2067
17.0003	103	1.9496	0.2067
17.0003	104	1.9499	0.2075
17.0003	105	1.9535	0.2126
17.0003	106	1.9622	0.2270
17.0003	107	1.9653	0.2333
17.0003	108	1.9694	0.2385
18.0004	109	1.8105	0.2396
18.0004	110	1.8120	0.2399
18.0004	111	1.8134	0.2391
18.0004	112	1.8141	0.2379
18.0004	113	1.8156	0.2368
18.0004	114	1.8170	0.2365
19.0006	115	1.6606	0.2436
19.0006	116	1.6599	0.2435
19.0006	117	1.6608	0.2446
19.0006	118	1.6611	0.2446
19.0006	119	1.6614	0.2444
19.0006	120	1.6597	0.2451
20.0003	121	1.5396	0.2440
20.0003	122	1.5395	0.2445
20.0003	123	1.5396	0.2446
20.0003	124	1.5396	0.2446
20.0003	125	1.5395	0.2448
20.0003	126	1.5397	0.2450
21.0002	127	1.5497	0.2453
21.0002	128	1.5500	0.2455
21.0002	129	1.5499	0.2456
21.0002	130	1.5492	0.2461
21.0002	131	1.5489	0.2462
21.0002	132	1.5488	0.2465
22.0009	133	1.5486	0.2466
22.0009	134	1.5489	0.2470
22.0009	135	1.5487	0.2470
22.0009	136	1.5489	0.2473
22.0009	137	1.5493	0.2475
22.0009	138	1.5495	0.2479
23.0000	139	1.5495	0.2483
23.0000	140	1.5498	0.2487
23.0000	141	1.5500	0.2490
23.0000	142	1.5504	0.2494
23.0000	143	1.5505	0.2494
23.0000	144	1.5506	0.2498
24.0001	145	1.5518	0.2501
24.0001	146	1.5520	0.2505
24.0001	147	1.5521	0.2507
24.0001	148	1.5523	0.2513
24.0001	149	1.5528	0.2519
24.0001	150	1.5531	0.2522
24.9999	151	1.5549	0.2525
24.9999	152	1.5551	0.2527
24.9999	153	1.5554	0.2531
24.9999	154	1.5554	0.2532
24.9999	155	1.5556	0.2533
24.9999	156	1.5556	0.2535
24.9999	157	1.5566	0.2541
26.0003	158	1.5432	0.2527
26.0003	159	1.5433	0.2523
26.0003	160	1.5433	0.2524
26.0003	161	1.5439	0.2530
26.0003	162	1.5441	0.2530
26.0003	163	1.5444	0.2532
27.0003	164	1.4586	0.2533
27.0003	165	1.4590	0.2534
27.0003	166	1.4592	0.2535
27.0003	167	1.4594	0.2537
27.0003	168	1.4595	0.2538
27.0003	169	1.4597	0.2545
28.0004	170	1.3675	0.2551
28.0004	171	1.3675	0.2556
28.0004	172	1.3676	0.2560
28.0004	173	1.3676	0.2562
28.0004	174	1.3682	0.2570
28.0004	175	1.3688	0.2576
29.0008	176	1.2799	0.2577
29.0008	177	1.2801	0.2580
29.0008	178	1.2804	0.2584
29.0008	179	1.2817	0.2588
29.0008	180	1.2819	0.2590
29.0008	181	1.2821	0.2584
30.0004	182	1.1398	0.2577
30.0004	183	1.1401	0.2570
30.0004	184	1.1408	0.2563
30.0004	185	1.1417	0.2551
30.0004	186	1.1434	0.2540
30.0004	187	1.1444	0.2536
31.0001	188	0.9590	0.2528
31.0001	189	0.9597	0.2522
31.0001	190	0.9604	0.2517
31.0001	191	0.9608	0.2514
31.0001	192	0.9613	0.2511
31.0001	193	0.9622	0.2505
32.0001	194	0.7736	0.2511
32.0001	195	0.7776	0.2564
32.0001	196	0.7848	0.2676
32.0001	197	0.7878	0.2752
32.0001	198	0.7914	0.2813
32.0001	199	0.7932	0.2824
33.0007	200	0.6300	0.2822
33.0007	201	0.6304	0.2816
33.0007	202	0.6305	0.2814
33.0007	203	0.6308	0.2807
33.0007	204	0.6306	0.2814
33.0007	205	0.6288	0.2808
33.9997	206	0.4349	0.2817
33.9997	207	0.4338	0.2817
33.9997	208	0.4328	0.2814
33.9997	209	0.4326	0.2810
33.9997	210	0.4318	0.2809
33.9997	211	0.4313	0.2802
34.9993	212	0.2277	0.2801
34.9993	213	0.2271	0.2796
34.9993	214	0.2250	0.2790
34.9993	215	0.2233	0.2784
34.9993	216	0.2258	0.2873
34.9993	217	0.2239	0.2875
35.9990	218	0.0222	0.2884
35.9990	219	0.0217	0.2868
35.9990	220	0.0242	0.2944
35.9990	221	0.0295	0.3064
35.9990	222	0.0294	0.3083
35.9990	223	0.0294	0.3081
36.9991	224	0.0476	0.3080
36.9991	225	0.0468	0.3060
36.9991	226	0.0457	0.3047
36.9991	227	0.0443	0.3026
36.9991	228	0.0439	0.3017
36.9991	229	0.0441	0.3012
37.9994	230	0.0389	0.3011
37.9994	231	0.0396	0.3015
37.9994	232	0.0394	0.3006
37.9994	233	0.0386	0.3001
37.9994	234	0.0376	0.2994
37.9994	235	0.0374	0.2986
38.9990	236	0.0343	0.2970
38.9990	237	0.0336	0.2955
38.9990	238	0.0324	0.2947
38.9990	239	0.0332	0.2948
38.9990	240	0.0345	0.2949
38.9990	241	0.0365	0.2957
38.9990	242	0.0366	0.2957
39.9991	243	0.0332	0.2953
39.9991	244	0.0342	0.2945
39.9991	245	0.0356	0.2937
39.9991	246	0.0370	0.2936
39.9991	247	0.0385	0.2942
40.9991	248	0.0343	0.2943
40.9991	249	0.0364	0.2947
40.9991	250	0.0369	0.2942
40.9991	251	0.0367	0.2931
40.9991	252	0.0346	0.2906
40.9991	253	0.0340	0.2899
41.9993	254	0.0318	0.2893
41.9993	255	0.0296	0.2894
41.9993	256	0.0287	0.2893
41.9993	257	0.0309	0.2943
41.9993	258	0.0371	0.3085
41.9993	259	0.0383	0.3107
42.9998	260	0.0634	0.3125
42.9998	261	0.0623	0.3119
42.9998	262	0.0613	0.3098
42.9998	263	0.0614	0.3087
42.9998	264	0.0630	0.3082
42.9998	265	0.0675	0.3172
43.9998	266	0.0792	0.3194
43.9998	267	0.0798	0.3208
43.9998	268	0.0803	0.3195
43.9998	269	0.0822	0.3178
43.9998	270	0.0823	0.3163
43.9998	271	0.0818	0.3156
44.9994	272	0.0986	0.3145
44.9994	273	0.0994	0.3134
44.9994	274	0.0999	0.3109
44.9994	275	0.0995	0.3095
44.9994	276	0.0992	0.3081
44.9994	277	0.0987	0.3066
45.9994	278	0.1101	0.3060
45.9994	279	0.1104	0.3050
45.9994	280	0.1110	0.3034
45.9994	281	0.1108	0.3021
45.9994	282	0.1109	0.3011
45.9994	283	0.1133	0.3003
46.9999	284	0.1136	0.2994
46.9999	285	0.1123	0.2978
46.9999	286	0.1093	0.2962
46.9999	287	0.1081	0.2958
46.9999	288	0.1086	0.2947
46.9999	289	0.1081	0.2929
47.9991	290	0.1066	0.2917
47.9991	291	0.1068	0.2902
47.9991	292	0.1071	0.2886
47.9991	293	0.1088	0.2875
47.9991	294	0.1117	0.2872
47.9991	295	0.1120	0.2873
48.9988	296	0.0977	0.2864
48.9988	297	0.0978	0.2852
48.9988	298	0.0962	0.2830
48.9988	299	0.0951	0.2839
48.9988	300	0.0946	0.2844
48.9988	301	0.0950	0.2848
49.9990	302	0.0992	0.2834
49.9990	303	0.0969	0.2841
49.9990	304	0.0977	0.2899
49.9990	305	0.0995	0.2906
49.9990	306	0.1004	0.2891
49.9990	307	0.1052	0.2885
49.9990	308	0.1064	0.2879
50.9989	309	0.1219	0.2932
50.9989	310	0.1238	0.3013
50.9989	311	0.1258	0.3043
50.9989	312	0.1258	0.3042
50.9989	313	0.1267	0.3047
50.9989	314	0.1292	0.3047
51.9993	315	0.1466	0.3044
51.9993	316	0.1453	0.3044
51.9993	317	0.1453	0.3044
51.9993	318	0.1467	0.3078
51.9993	319	0.1565	0.3323
51.9993	320	0.1599	0.3494
52.9995	321	0.1977	0.3572
52.9995	322	0.2025	0.3607
52.9995	323	0.2022	0.3587
52.9995	324	0.1998	0.3516
52.9995	325	0.1974	0.3423
52.9995	326	0.1969	0.3397
53.9993	327	0.1871	0.3380
53.9993	328	0.1865	0.3370
53.9993	329	0.1851	0.3357
53.9993	330	0.1853	0.3359
53.9993	331	0.1886	0.3355
53.9993	332	0.1921	0.3349
54.9994	333	0.1851	0.3329
54.9994	334	0.1845	0.3304
54.9994	335	0.1833	0.3254
54.9994	336	0.1836	0.3252
54.9994	337	0.1809	0.3233
54.9994	338	0.1746	0.3119
55.9995	339	0.1549	0.2960
55.9995	340	0.1536	0.2950
55.9995	341	0.1530	0.2930
55.9995	342	0.1557	0.2950
55.9995	343	0.1578	0.2959
55.9995	344	0.1564	0.2948
56.9997	345	0.1404	0.2953
56.9997	346	0.1410	0.2949
56.9997	347	0.1404	0.2939
56.9997	348	0.1394	0.2929
56.9997	349	0.1410	0.2933
56.9997	350	0.1408	0.2932
57.9991	351	0.1217	0.2917
57.9991	352	0.1221	0.2919
57.9991	353	0.1258	0.2914
57.9991	354	0.1287	0.2907
57.9991	355	0.1289	0.2885
57.9991	356	0.1285	0.2884
58.9995	357	0.1095	0.2886
58.9995	358	0.1095	0.2881
58.9995	359	0.1124	0.2917
58.9995	360	0.1162	0.2951
58.9995	361	0.1191	0.2963
58.9995	362	0.1208	0.2958
59.9994	363	0.1126	0.2955
59.9994	364	0.1134	0.2961
59.9994	365	0.1176	0.3057
59.9994	366	0.1166	0.3060
59.9994	367	0.1159	0.3067
59.9994	368	0.1146	0.3056
60.9993	369	0.1117	0.3037
60.9993	370	0.1109	0.3034
60.9993	371	0.1086	0.3028
60.9993	372	0.1086	0.3038
60.9993	373	0.1104	0.3068
60.9993	374	0.1112	0.3068
61.9991	375	0.1085	0.3072
61.9991	376	0.1064	0.3058
61.9991	377	0.1045	0.3046
61.9991	378	0.1047	0.3053
61.9991	379	0.1045	0.3052
61.9991	380	0.1028	0.3042
62.9990	381	0.1053	0.3030
62.9990	382	0.1062	0.3030
62.9990	383	0.1078	0.3021
62.9990	384	0.1074	0.3007
62.9990	385	0.1074	0.3007
62.9990	386	0.1096	0.2988
63.9990	387	0.1081	0.2987
63.9990	388	0.1095	0.2980
63.9990	389	0.1095	0.2980
63.9990	390	0.1088	0.2949
63.9990	391	0.1093	0.2941
63.9990	392	0.1135	0.3047
63.9990	393	0.1138	0.3072
64.9987	394	0.1222	0.3080
64.9987	395	0.1197	0.3088
64.9987	396	0.1165	0.3081
64.9987	397	0.1155	0.3060
64.9987	398	0.1157	0.3062
65.9997	399	0.4261	0.3066
65.9997	400	0.4270	0.3071
65.9997	401	0.4255	0.3120
65.9997	402	0.4255	0.3120
65.9997	403	0.4159	0.3288
65.9997	404	0.4134	0.3316
67.0001	405	0.3624	0.3378
67.0001	406	0.3606	0.3356
67.0001	407	0.3602	0.3351
67.0001	408	0.3589	0.3341
67.0001	409	0.3566	0.3331
67.0001	410	0.3545	0.3313
67.9997	411	0.1253	0.3322
67.9997	412	0.1243	0.3324
67.9997	413	0.1232	0.3322
67.9997	414	0.1245	0.3321
67.9997	415	0.1254	0.3313
67.9997	416	0.1260	0.3313
68.9992	417	0.1313	0.3320
68.9992	418	0.1319	0.3337
68.9992	419	0.1333	0.3366
68.9992	420	0.1347	0.3366
68.9992	421	0.1382	0.3368
68.9992	422	0.1409	0.3368
69.9995	423	0.1421	0.3378
69.9995	424	0.1407	0.3365
69.9995	425	0.1383	0.3359
69.9995	426	0.1389	0.3354
69.9995	427	0.1403	0.3338
69.9995	428	0.1382	0.3320
70.9996	429	0.1349	0.3328
70.9996	430	0.1341	0.3330
70.9996	431	0.1332	0.3330
70.9996	432	0.1329	0.3334
70.9996	433	0.1343	0.3342
70.9996	434	0.1332	0.3311
71.9998	435	0.1422	0.3293
71.9998	436	0.1420	0.3264
71.9998	437	0.1407	0.3254
71.9998	438	0.1397	0.3256
71.9998	439	0.1404	0.3260
71.9998	440	0.1408	0.3259
72.9995	441	0.1490	0.3256
72.9995	442	0.1479	0.3259
72.9995	443	0.1459	0.3237
72.9995	444	0.1417	0.3158
72.9995	445	0.1409	0.3152
72.9995	446	0.1373	0.3125
73.9995	447	0.1482	0.3127
73.9995	448	0.1491	0.3128
73.9995	449	0.1493	0.3128
73.9995	450	0.1510	0.3128
73.9995	451	0.1532	0.3138
73.9995	452	0.1540	0.3149
74.9990	453	0.1410	0.3155
74.9990	454	0.1406	0.3157
74.9990	455	0.1396	0.3160
74.9990	456	0.1387	0.3150
74.9990	457	0.1390	0.3153
74.9990	458	0.1386	0.3145
74.9990	459	0.1388	0.3129
75.9991	460	0.1209	0.3115
75.9991	461	0.1203	0.3110
75.9991	462	0.1195	0.3096
75.9991	463	0.1175	0.3083
75.9991	464	0.1164	0.3087
76.9994	465	0.1096	0.3089
76.9994	466	0.1105	0.3096
76.9994	467	0.1158	0.3196
76.9994	468	0.1163	0.3204
76.9994	469	0.1159	0.3200
76.9994	470	0.1176	0.3188
76.9994	471	0.1186	0.3183
77.9993	472	0.1219	0.3187
77.9993	473	0.1214	0.3179
77.9993	474	0.1226	0.3174
77.9993	475	0.1225	0.3177
77.9993	476	0.1225	0.3172
77.9993	477	0.1237	0.3161
78.9991	478	0.1229	0.3275
78.9991	479	0.1250	0.3326
78.9991	480	0.1252	0.3346
78.9991	481	0.1246	0.3335
78.9991	482	0.1219	0.3318
78.9991	483	0.1211	0.3317
79.9995	484	0.1385	0.3309
79.9995	485	0.1378	0.3313
79.9995	486	0.1357	0.3322
79.9995	487	0.1353	0.3306
79.9995	488	0.1355	0.3292
79.9995	489	0.1344	0.3286
80.9994	490	0.1241	0.3232
80.9994	491	0.1225	0.3211
80.9994	492	0.1211	0.3198
80.9994	493	0.1210	0.3178
80.9994	494	0.1233	0.3178
80.9994	495	0.1253	0.3176
82.0001	496	0.1312	0.3185
82.0001	497	0.1318	0.3190
82.0001	498	0.1315	0.3187
82.0001	499	0.1319	0.3180
82.0001	500	0.1322	0.3161
82.0001	501	0.1333	0.3152
82.9998	502	0.1204	0.3152
82.9998	503	0.1197	0.3153
82.9998	504	0.1186	0.3143
82.9998	505	0.1165	0.3137
82.9998	506	0.1148	0.3147
82.9998	507	0.1150	0.3144
83.9988	508	0.1158	0.3134
83.9988	509	0.1162	0.3123
83.9988	510	0.1187	0.3112
83.9988	511	0.1197	0.3094
83.9988	512	0.1214	0.3088
83.9988	513	0.1214	0.3088
84.9992	514	0.1072	0.3072
84.9992	515	0.1038	0.3071
84.9992	516	0.0986	0.3062
84.9992	517	0.0971	0.3049
84.9992	518	0.1023	0.3065
84.9992	519	0.1052	0.3067
85.9994	520	0.1002	0.3165
85.9994	521	0.1011	0.3194
85.9994	522	0.1026	0.3221
85.9994	523	0.1014	0.3208
85.9994	524	0.1020	0.3200
85.9994	525	0.1042	0.3196
86.9989	526	0.1115	0.3195
86.9989	527	0.1131	0.3183
86.9989	528	0.1112	0.3172
86.9989	529	0.1090	0.3177
86.9989	530	0.1100	0.3175
86.9989	531	0.1114	0.3173
87.9994	532	0.1025	0.3161
87.9994	533	0.1009	0.3151
87.9994	534	0.1009	0.3159
87.9994	535	0.1005	0.3166
87.9994	536	0.1006	0.3198
87.9994	537	0.1001	0.3202
88.9993	538	0.1036	0.3208
88.9993	539	0.1041	0.3200
88.9993	540	0.1030	0.3183
88.9993	541	0.1038	0.3185
88.9993	542	0.1047	0.3172
88.9993	543	0.1066	0.3167
89.9991	544	0.0828	0.3161
89.9991	545	0.0836	0.3193
89.9991	546	0.0860	0.3203
89.9991	547	0.0878	0.3220
89.9991	548	0.0886	0.3230
89.9991	549	0.0878	0.3219
90.9993	550	0.0912	0.3206
90.9993	551	0.0892	0.3192
90.9993	552	0.0876	0.3173
90.9993	553	0.0873	0.3167
90.9993	554	0.0853	0.3166
90.9993	555	0.0851	0.3196
91.9996	556	0.0890	0.3196
91.9996	557	0.0884	0.3196
91.9996	558	0.0893	0.3211
91.9996	559	0.0889	0.3201
91.9996	560	0.0905	0.3204
91.9996	561	0.0912	0.3193
92.9996	562	0.2049	0.3184
92.9996	563	0.2005	0.3279
92.9996	564	0.1984	0.3290
92.9996	565	0.1959	0.3309
92.9996	566	0.1963	0.3311
92.9996	567	0.1999	0.3307
93.9990	568	0.5885	0.3291
93.9990	569	0.5906	0.3278
93.9990	570	0.5911	0.3266
93.9990	571	0.5908	0.3261
93.9990	572	0.5900	0.3264
93.9990	573	0.5915	0.3261
94.9999	574	0.2503	0.3246
94.9999	575	0.2513	0.3237
94.9999	576	0.2522	0.3236
94.9999	577	0.2503	0.3222
94.9999	578	0.2487	0.3213
94.9999	579	0.2483	0.3203
95.9997	580	0.1439	0.3197
95.9997	581	0.1434	0.3198
95.9997	582	0.1441	0.3205
95.9997	583	0.1444	0.3232
95.9997	584	0.1439	0.3231
95.9997	585	0.1429	0.3239
96.9994	586	0.1299	0.3229
96.9994	587	0.1294	0.3219
96.9994	588	0.1292	0.3202
96.9994	589	0.1310	0.3231
96.9994	590	0.1293	0.3223
96.9994	591	0.1276	0.3213
97.9996	592	0.1089	0.3196
97.9996	593	0.1098	0.3182
97.9996	594	0.1121	0.3164
97.9996	595	0.1135	0.3158
97.9996	596	0.1144	0.3156
97.9996	597	0.1122	0.3139
98.9999	598	0.1016	0.3136
98.9999	599	0.1050	0.3143
98.9999	600	0.1081	0.3138
98.9999	601	0.1086	0.3147
98.9999	602	0.1087	0.3150
98.9999	603	0.1091	0.3141
99.9997	604	0.1115	0.3129
99.9997	605	0.1104	0.3112
99.9997	606	0.1103	0.3104
99.9997	607	0.1109	0.3101
99.9997	608	0.1112	0.3078
99.9997	609	0.1109	0.3060
99.9997	610	0.1116	0.3043
100.9996	611	0.1122	0.3031
100.9996	612	0.1133	0.3136
100.9996	613	0.1136	0.3173
100.9996	614	0.1133	0.3180
100.9996	615	0.1116	0.3163
100.9996	616	0.1132	0.3163
101.9993	617	0.1291	0.3154
101.9993	618	0.1285	0.3150
101.9993	619	0.1273	0.3159
101.9993	620	0.1263	0.3149
101.9993	621	0.1234	0.3144
101.9993	622	0.1200	0.3133
102.9993	623	0.1315	0.3124
102.9993	624	0.1316	0.3121
102.9993	625	0.1317	0.3128
102.9993	626	0.1356	0.3238
102.9993	627	0.1361	0.3256
103.9994	628	0.1439	0.3269
103.9994	629	0.1428	0.3270
103.9994	630	0.1399	0.3245
103.9994	631	0.1399	0.3247
103.9994	632	0.1400	0.3236
103.9994	633	0.1400	0.3247
103.9994	634	0.1406	0.3246
104.9994	635	0.1299	0.3241
104.9994	636	0.1297	0.3236
104.9994	637	0.1292	0.3222
104.9994	638	0.1283	0.3228
104.9994	639	0.1292	0.3218
104.9994	640	0.1296	0.3216
106.0005	641	0.1188	0.3224
106.0005	642	0.1184	0.3216
106.0005	643	0.1191	0.3209
106.0005	644	0.1204	0.3180
106.0005	645	0.1209	0.3163
106.0005	646	0.1213	0.3156
106.9997	647	0.1149	0.3143
106.9997	648	0.1146	0.3144
106.9997	649	0.1154	0.3138
106.9997	650	0.1199	0.3147
106.9997	651	0.1200	0.3146
106.9997	652	0.1188	0.3140
107.9996	653	0.1059	0.3151
107.9996	654	0.1032	0.3164
107.9996	655	0.1016	0.3163
107.9996	656	0.1029	0.3147
107.9996	657	0.1046	0.3143
107.9996	658	0.1071	0.3158
108.9997	659	0.1075	0.3169
108.9997	660	0.1093	0.3163
108.9997	661	0.1098	0.3154
108.9997	662	0.1103	0.3157
108.9997	663	0.1120	0.3156
108.9997	664	0.1121	0.3150
109.9995	665	0.0962	0.3145
109.9995	666	0.0977	0.3142
109.9995	667	0.0976	0.3147
109.9995	668	0.0962	0.3152
109.9995	669	0.0969	0.3153
109.9995	670	0.0973	0.3157
110.9994	671	0.0880	0.3157
110.9994	672	0.0894	0.3160
110.9994	673	0.0915	0.3161
110.9994	674	0.0934	0.3144
110.9994	675	0.0922	0.3133
110.9994	676	0.0918	0.3131
111.9997	677	0.0849	0.3114
111.9997	678	0.0823	0.3097
111.9997	679	0.0805	0.3088
111.9997	680	0.0792	0.3079
111.9997	681	0.0810	0.3078
111.9997	682	0.0840	0.3068
112.9997	683	0.0751	0.3059
112.9997	684	0.0738	0.3052
112.9997	685	0.0726	0.3054
112.9997	686	0.0709	0.3050
112.9997	687	0.0686	0.3038
112.9997	688	0.0680	0.3037
113.9991	689	0.0717	0.3033
113.9991	690	0.0701	0.3022
113.9991	691	0.0721	0.3022
113.9991	692	0.0745	0.3003
113.9991	693	0.0723	0.3003
113.9991	694	0.0755	0.3122
114.9993	695	0.0791	0.3178
114.9993	696	0.0809	0.3189
114.9993	697	0.0803	0.3172
114.9993	698	0.0818	0.3165
114.9993	699	0.0837	0.3140
114.9993	700	0.0843	0.3124
115.9992	701	0.0848	0.3113
115.9992	702	0.0857	0.3107
115.9992	703	0.0830	0.3087
115.9992	704	0.0838	0.3122
115.9992	705	0.0877	0.3201
115.9992	706	0.0871	0.3198
116.9993	707	0.0751	0.3177
116.9993	708	0.0745	0.3178
116.9993	709	0.0746	0.3180
116.9993	710	0.0734	0.3177
116.9993	711	0.0746	0.3184
116.9993	712	0.0759	0.3174
117.9993	713	0.0575	0.3155
117.9993	714	0.0562	0.3133
117.9993	715	0.0560	0.3121
117.9993	716	0.0553	0.3121
117.9993	717	0.0552	0.3117
117.9993	718	0.0567	0.3110
118.9996	719	0.0874	0.3083
118.9996	720	0.0878	0.3065
118.9996	721	0.0899	0.3063
118.9996	722	0.0919	0.3049
118.9996	723	0.0934	0.3039
118.9996	724	0.0940	0.3041
119.9995	725	0.3528	0.3016
119.9995	726	0.3540	0.3002
119.9995	727	0.3558	0.2996
119.9995	728	0.3573	0.2991
119.9995	729	0.3568	0.2985
119.9995	730	0.3549	0.2981
120.9994	731	0.0860	0.2971
120.9994	732	0.0849	0.2945
120.9994	733	0.0836	0.2949
120.9994	734	0.0835	0.2955
120.9994	735	0.0824	0.2956
120.9994	736	0.0844	0.3075
121.9997	737	0.0764	0.3198
121.9997	738	0.0752	0.3239
121.9997	739	0.0759	0.3230
121.9997	740	0.0768	0.3206
121.9997	741	0.0780	0.3193
121.9997	742	0.0792	0.3180
122.9994	743	0.0755	0.3173
122.9994	744	0.0770	0.3179
122.9994	745	0.0770	0.3171
122.9994	746	0.0761	0.3156
122.9994	747	0.0739	0.3164
122.9994	748	0.0736	0.3159
123.9995	749	0.0867	0.3158
123.9995	750	0.0875	0.3155
123.9995	751	0.0907	0.3152
123.9995	752	0.0912	0.3141
123.9995	753	0.0912	0.3139
123.9995	754	0.0908	0.3139
125.0000	755	0.0870	0.3142
125.0000	756	0.0866	0.3139
125.0000	757	0.0878	0.3147
125.0000	758	0.0879	0.3144
125.0000	759	0.0874	0.3141
125.0000	760	0.0857	0.3133
125.9997	761	0.0905	0.3130
125.9997	762	0.0899	0.3123
125.9997	763	0.0900	0.3120
125.9997	764	0.0921	0.3127
125.9997	765	0.0917	0.3109
125.9997	766	0.0895	0.3099
125.9997	767	0.0883	0.3099
126.9996	768	0.0732	0.3103
126.9996	769	0.0739	0.3099
126.9996	770	0.0767	0.3102
126.9996	771	0.0783	0.3106
126.9996	772	0.0805	0.3182
126.9996	773	0.0808	0.3195
127.9998	774	0.0741	0.3191
127.9998	775	0.0739	0.3167
127.9998	776	0.0723	0.3150
127.9998	777	0.0713	0.3138
127.9998	778	0.0702	0.3124
128.9999	779	0.0608	0.3106
128.9999	780	0.0627	0.3101
128.9999	781	0.0614	0.3080
128.9999	782	0.0590	0.3054
128.9999	783	0.0607	0.3089
128.9999	784	0.0687	0.3267
128.9999	785	0.0683	0.3300
129.9993	786	0.0793	0.3318
129.9993	787	0.0788	0.3325
129.9993	788	0.0783	0.3310
129.9993	789	0.0761	0.3280
129.9993	790	0.0771	0.3301
129.9993	791	0.0753	0.3284
130.9996	792	0.0836	0.3261
130.9996	793	0.0846	0.3256
130.9996	794	0.0874	0.3277
130.9996	795	0.0886	0.3350
130.9996	796	0.0875	0.3362
130.9996	797	0.0877	0.3370
131.9997	798	0.0954	0.3357
131.9997	799	0.0938	0.3335
131.9997	800	0.0931	0.3324
131.9997	801	0.0910	0.3300
131.9997	802	0.0903	0.3307
131.9997	803	0.0951	0.3396
132.9997	804	0.1017	0.3411
132.9997	805	0.1011	0.3410
132.9997	806	0.1014	0.3400
132.9997	807	0.1026	0.3395
132.9997	808	0.1023	0.3380
132.9997	809	0.1015	0.3365
133.9995	810	0.0951	0.3355
133.9995	811	0.0947	0.3340
133.9995	812	0.0930	0.3325
133.9995	813	0.0934	0.3335
133.9995	814	0.0942	0.3344
133.9995	815	0.0931	0.3333
134.9997	816	0.0935	0.3323
134.9997	817	0.0922	0.3308
134.9997	818	0.0913	0.3289
134.9997	819	0.0907	0.3274
134.9997	820	0.0900	0.3262
134.9997	821	0.0904	0.3251
135.9994	822	0.0665	0.3247
135.9994	823	0.0676	0.3241
135.9994	824	0.0673	0.3225
135.9994	825	0.0725	0.3334
135.9994	826	0.0729	0.3336
135.9994	827	0.0731	0.3346
137.0003	828	0.0605	0.3331
137.0003	829	0.0595	0.3325
137.0003	830	0.0592	0.3316
137.0003	831	0.0582	0.3311
137.0003	832	0.0574	0.3304
137.0003	833	0.0554	0.3289
137.9994	834	0.0507	0.3266
137.9994	835	0.0494	0.3262
137.9994	836	0.0483	0.3248
137.9994	837	0.0493	0.3224
137.9994	838	0.0496	0.3216
137.9994	839	0.0486	0.3215
138.9994	840	0.0467	0.3215
138.9994	841	0.0471	0.3211
138.9994	842	0.0483	0.3208
138.9994	843	0.0467	0.3217
138.9994	844	0.0489	0.3300
138.9994	845	0.0495	0.3309
139.9996	846	0.0502	0.3311
139.9996	847	0.0481	0.3303
139.9996	848	0.0467	0.3286
139.9996	849	0.0473	0.3285
139.9996	850	0.0501	0.3374
139.9996	851	0.0498	0.3386
140.9996	852	0.0969	0.3387
140.9996	853	0.0979	0.3366
140.9996	854	0.0976	0.3352
140.9996	855	0.0970	0.3325
140.9996	856	0.0970	0.3303
140.9996	857	0.0959	0.3303
141.9996	858	0.1312	0.3294
141.9996	859	0.1324	0.3287
141.9996	860	0.1342	0.3298
141.9996	861	0.1335	0.3283
141.9996	862	0.1356	0.3259
141.9996	863	0.1363	0.3247
142.9997	864	0.1287	0.3225
142.9997	865	0.1278	0.3225
142.9997	866	0.1280	0.3211
142.9997	867	0.1276	0.3218
142.9997	868	0.1302	0.3304
142.9997	869	0.1290	0.3331
144.0005	870	0.1110	0.3328
144.0005	871	0.1089	0.3307
144.0005	872	0.1098	0.3286
144.0005	873	0.1094	0.3262
144.0005	874	0.1104	0.3249
144.0005	875	0.1111	0.3245
144.9995	876	0.1449	0.3244
144.9995	877	0.1465	0.3234
144.9995	878	0.1483	0.3228
144.9995	879	0.1502	0.3228
144.9995	880	0.1494	0.3226
144.9995	881	0.1474	0.3245
145.9996	882	0.5393	0.3238
145.9996	883	0.5374	0.3224
145.9996	884	0.5360	0.3219
145.9996	885	0.5345	0.3199
145.9996	886	0.5329	0.3178
145.9996	887	0.5285	0.3195
146.9999	888	0.1724	0.3232
146.9999	889	0.1696	0.3232
146.9999	890	0.1703	0.3255
146.9999	891	0.1707	0.3258
146.9999	892	0.1706	0.3252
146.9999	893	0.1701	0.3241
147.9998	894	0.0892	0.3232
147.9998	895	0.0895	0.3237
147.9998	896	0.0912	0.3232
147.9998	897	0.0896	0.3230
147.9998	898	0.0874	0.3224
147.9998	899	0.0863	0.3215
148.9998	900	0.0733	0.3213
148.9998	901	0.0749	0.3220
148.9998	902	0.0757	0.3210
148.9998	903	0.0741	0.3206
148.9998	904	0.0737	0.3213
148.9998	905	0.0714	0.3210
149.9997	906	0.0674	0.3204
149.9997	907	0.0652	0.3203
149.9997	908	0.0658	0.3208
149.9997	909	0.0671	0.3204
149.9997	910	0.0677	0.3212
149.9997	911	0.0661	0.3210
150.9990	912	0.0488	0.3208
150.9990	913	0.0481	0.3204
150.9990	914	0.0483	0.3202
150.9990	915	0.0473	0.3193
150.9990	916	0.0470	0.3182
150.9990	917	0.0476	0.3183
150.9990	918	0.0456	0.3178
151.9997	919	0.0338	0.3163
151.9997	920	0.0340	0.3169
151.9997	921	0.0347	0.3162
151.9997	922	0.0347	0.3158
151.9997	923	0.0355	0.3159
153.0000	924	0.0264	0.3153
153.0000	925	0.0268	0.3139
153.0000	926	0.0276	0.3125
153.0000	927	0.0269	0.3130
153.0000	928	0.0252	0.3123
153.0000	929	0.0270	0.3130
153.9993	930	0.0283	0.3132
153.9993	931	0.0284	0.3178
153.9993	932	0.0309	0.3228
153.9993	933	0.0333	0.3245
153.9993	934	0.0317	0.3243
153.9993	935	0.0313	0.3236
153.9993	936	0.0321	0.3229
154.9995	937	0.0314	0.3214
154.9995	938	0.0308	0.3207
154.9995	939	0.0334	0.3238
154.9995	940	0.0335	0.3237
154.9995	941	0.0327	0.3225
154.9995	942	0.0342	0.3230
155.9997	943	0.0372	0.3225
155.9997	944	0.0369	0.3208
155.9997	945	0.0369	0.3209
155.9997	946	0.0363	0.3221
155.9997	947	0.0378	0.3322
155.9997	948	0.0353	0.3333
157.0000	949	0.0548	0.3352
157.0000	950	0.0550	0.3346
157.0000	951	0.0552	0.3337
157.0000	952	0.0559	0.3333
157.0000	953	0.0552	0.3326
157.0000	954	0.0533	0.3302
157.9985	955	0.0685	0.3314
157.9985	956	0.0719	0.3386
157.9985	957	0.0725	0.3423
157.9985	958	0.0752	0.3439
157.9985	959	0.0761	0.3434
157.9985	960	0.0773	0.3419
158.9999	961	0.0739	0.3422
158.9999	962	0.0768	0.3537
158.9999	963	0.0756	0.3543
158.9999	964	0.0746	0.3544
158.9999	965	0.0756	0.3539
158.9999	966	0.0745	0.3524
159.9997	967	0.0657	0.3501
159.9997	968	0.0655	0.3482
159.9997	969	0.0648	0.3462
159.9997	970	0.0636	0.3421
159.9997	971	0.0648	0.3431
159.9997	972	0.0659	0.3457
160.9999	973	0.0625	0.3540
160.9999	974	0.0628	0.3551
160.9999	975	0.0622	0.3534
160.9999	976	0.0622	0.3518
160.9999	977	0.0609	0.3511
160.9999	978	0.0608	0.3511
161.9998	979	0.0637	0.3498
161.9998	980	0.0628	0.3480
161.9998	981	0.0627	0.3479
161.9998	982	0.0638	0.3473
161.9998	983	0.0613	0.3444
161.9998	984	0.0606	0.3441
161.9998	985	0.0601	0.3423
162.9997	986	0.0509	0.3411
162.9997	987	0.0463	0.3392
162.9997	988	0.0445	0.3376
162.9997	989	0.0432	0.3363
162.9997	990	0.0426	0.3354
163.9993	991	0.0423	0.3358
163.9993	992	0.0429	0.3347
163.9993	993	0.0435	0.3336
163.9993	994	0.0433	0.3325
163.9993	995	0.0419	0.3308
163.9993	996	0.0419	0.3295
164.9999	997	0.0311	0.3302
164.9999	998	0.0327	0.3295
164.9999	999	0.0331	0.3295
164.9999	1000	0.0331	0.3286
164.9999	1001	0.0314	0.3281
164.9999	1002	0.0274	0.3277
166.0001	1003	0.0187	0.3274
166.0001	1004	0.0201	0.3261
166.0001	1005	0.0225	0.3285
166.0001	1006	0.0315	0.3443
166.0001	1007	0.0343	0.3480
166.0001	1008	0.0360	0.3508
167.0000	1009	0.0439	0.3502
167.0000	1010	0.0432	0.3494
167.0000	1011	0.0421	0.3475
167.0000	1012	0.0412	0.3467
167.0000	1013	0.0400	0.3455
167.0000	1014	0.0389	0.3443
167.9994	1015	0.0508	0.3487
167.9994	1016	0.0539	0.3555
167.9994	1017	0.0548	0.3577
167.9994	1018	0.0530	0.3560
167.9994	1019	0.0524	0.3550
167.9994	1020	0.0528	0.3596
168.9997	1021	0.0709	0.3662
168.9997	1022	0.0724	0.3664
168.9997	1023	0.0752	0.3671
168.9997	1024	0.0743	0.3668
168.9997	1025	0.0717	0.3644
168.9997	1026	0.0703	0.3632
169.9995	1027	0.0832	0.3625
169.9995	1028	0.0812	0.3601
169.9995	1029	0.0810	0.3578
169.9995	1030	0.0808	0.3572
169.9995	1031	0.0809	0.3562
169.9995	1032	0.0807	0.3543
171.0004	1033	0.0620	0.3540
171.0004	1034	0.0605	0.3544
171.0004	1035	0.0616	0.3531
171.0004	1036	0.0616	0.3521
171.0004	1037	0.0589	0.3503
171.0004	1038	0.0579	0.3502
172.0004	1039	0.0528	0.3510
172.0004	1040	0.0547	0.3514
172.0004	1041	0.0574	0.3579
172.0004	1042	0.0589	0.3620
172.0004	1043	0.0594	0.3658
172.0004	1044	0.0574	0.3638
173.0000	1045	0.0529	0.3625
173.0000	1046	0.0542	0.3616
173.0000	1047	0.0543	0.3581
173.0000	1048	0.0530	0.3556
173.0000	1049	0.0522	0.3550
173.0000	1050	0.0519	0.3536
174.0001	1051	0.4614	0.3511
174.0001	1052	0.4618	0.3497
174.0001	1053	0.4627	0.3492
174.0001	1054	0.4628	0.3474
174.0001	1055	0.4636	0.3463
174.0001	1056	0.4647	0.3454
174.9997	1057	0.3632	0.3397
174.9997	1058	0.3652	0.3430
174.9997	1059	0.3700	0.3553
174.9997	1060	0.3708	0.3546
174.9997	1061	0.3719	0.3549
174.9997	1062	0.3696	0.3540
175.9994	1063	0.0528	0.3621
175.9994	1064	0.0566	0.3761
175.9994	1065	0.0595	0.3851
175.9994	1066	0.0602	0.3854
175.9994	1067	0.0583	0.3818
175.9994	1068	0.0601	0.3808
175.9994	1069	0.0607	0.3799
176.9993	1070	0.0684	0.3768
176.9993	1071	0.0700	0.3759
176.9993	1072	0.0705	0.3754
176.9993	1073	0.0710	0.3745
176.9993	1074	0.0714	0.3739
176.9993	1075	0.0689	0.3741
177.9996	1076	0.0649	0.3729
177.9996	1077	0.0634	0.3712
177.9996	1078	0.0623	0.3716
177.9996	1079	0.0600	0.3707
177.9996	1080	0.0583	0.3688
178.9995	1081	0.0580	0.3693
178.9995	1082	0.0608	0.3679
178.9995	1083	0.0611	0.3652
178.9995	1084	0.0637	0.3640
178.9995	1085	0.0648	0.3636
178.9995	1086	0.0633	0.3615
178.9995	1087	0.0618	0.3615
180.0001	1088	0.0678	0.3609
180.0001	1089	0.0662	0.3591
180.0001	1090	0.0660	0.3570
180.0001	1091	0.0627	0.3556
180.0001	1092	0.0591	0.3531
180.9995	1093	0.0708	0.3503
180.9995	1094	0.0698	0.3496
180.9995	1095	0.0711	0.3496
180.9995	1096	0.0727	0.3456
180.9995	1097	0.0717	0.3453
180.9995	1098	0.0729	0.3452
180.9995	1099	0.0757	0.3447
182.0004	1100	0.0764	0.3495
182.0004	1101	0.0741	0.3499
182.0004	1102	0.0726	0.3478
182.0004	1103	0.0723	0.3472
182.0004	1104	0.0690	0.3456
182.0004	1105	0.0684	0.3435
182.9994	1106	0.0480	0.3419
182.9994	1107	0.0473	0.3415
182.9994	1108	0.0514	0.3525
182.9994	1109	0.0581	0.3657
182.9994	1110	0.0605	0.3716
182.9994	1111	0.0613	0.3725
184.0004	1112	0.0616	0.3705
184.0004	1113	0.0630	0.3688
184.0004	1114	0.0700	0.3885
184.0004	1115	0.0700	0.3885
184.0004	1116	0.0752	0.4096
184.0004	1117	0.0735	0.4087
184.0004	1118	0.0735	0.4087
185.0002	1119	0.0865	0.4029
185.0002	1120	0.0865	0.4029
185.0002	1121	0.0823	0.3968
185.0002	1122	0.0823	0.3968
185.0002	1123	0.0748	0.3850
185.0002	1124	0.0748	0.3850
186.0001	1125	0.0599	0.3770
186.0001	1126	0.0610	0.3765
186.0001	1127	0.0614	0.3753
186.0001	1128	0.0635	0.3727
186.0001	1129	0.0643	0.3727
187.0002	1130	0.0576	0.3708
187.0002	1131	0.0576	0.3708
187.0002	1132	0.0566	0.3679
187.0002	1133	0.0547	0.3668
187.0002	1134	0.0539	0.3633
187.0002	1135	0.0556	0.3613
188.0002	1136	0.0635	0.3593
188.0002	1137	0.0621	0.3561
188.0002	1138	0.0611	0.3527
188.0002	1139	0.0620	0.3514
188.0002	1140	0.0618	0.3489
188.0002	1141	0.0640	0.3481
188.9991	1142	0.0700	0.3464
188.9991	1143	0.0682	0.3457
188.9991	1144	0.0699	0.3457
188.9991	1145	0.0694	0.3448
188.9991	1146	0.0693	0.3447
188.9991	1147	0.0688	0.3442
189.9996	1148	0.0777	0.3432
189.9996	1149	0.0760	0.3414
189.9996	1150	0.0747	0.3399
189.9996	1151	0.0754	0.3394
189.9996	1152	0.0752	0.3394
189.9996	1153	0.0745	0.3387
190.9997	1154	0.0748	0.3442
190.9997	1155	0.0745	0.3463
190.9997	1156	0.0735	0.3476
190.9997	1157	0.0727	0.3478
190.9997	1158	0.0738	0.3493
190.9997	1159	0.0790	0.3596
191.9996	1160	0.0778	0.3611
191.9996	1161	0.0780	0.3618
191.9996	1162	0.0770	0.3608
191.9996	1163	0.0773	0.3594
191.9996	1164	0.0800	0.3685
191.9996	1165	0.0762	0.3695
192.9999	1166	0.0733	0.3703
192.9999	1167	0.0726	0.3702
192.9999	1168	0.0726	0.3691
192.9999	1169	0.0734	0.3679
192.9999	1170	0.0728	0.3672
192.9999	1171	0.0713	0.3669
193.9999	1172	0.0642	0.3671
193.9999	1173	0.0685	0.3774
193.9999	1174	0.0684	0.3798
193.9999	1175	0.0705	0.3802
193.9999	1176	0.0708	0.3798
193.9999	1177	0.0692	0.3786
194.9996	1178	0.0658	0.3775
194.9996	1179	0.0635	0.3757
194.9996	1180	0.0631	0.3753
194.9996	1181	0.0647	0.3747
194.9996	1182	0.0648	0.3729
194.9996	1183	0.0653	0.3718
195.9996	1184	0.0553	0.3702
195.9996	1185	0.0554	0.3695
195.9996	1186	0.0546	0.3688
195.9996	1187	0.0535	0.3668
195.9996	1188	0.0520	0.3644
195.9996	1189	0.0518	0.3635
197.0000	1190	0.0536	0.3633
197.0000	1191	0.0534	0.3622
197.0000	1192	0.0538	0.3619
197.0000	1193	0.0547	0.3614
197.0000	1194	0.0538	0.3597
197.0000	1195	0.0533	0.3576
197.9997	1196	0.0663	0.3568
197.9997	1197	0.0675	0.3555
197.9997	1198	0.0685	0.3551
197.9997	1199	0.0705	0.3583
197.9997	1200	0.0688	0.3586
197.9997	1201	0.0688	0.3593
198.9998	1202	0.0839	0.3590
198.9998	1203	0.0827	0.3625
198.9998	1204	0.0812	0.3645
198.9998	1205	0.0828	0.3653
198.9998	1206	0.0847	0.3643
198.9998	1207	0.0863	0.3677
200.0000	1208	0.1094	0.3750
200.0000	1209	0.1104	0.3762
200.0000	1210	0.1099	0.3759
200.0000	1211	0.1093	0.3752
200.0000	1212	0.1076	0.3745
200.0000	1213	0.1055	0.3738
200.9999	1214	0.1039	0.3727
200.9999	1215	0.1063	0.3819
200.9999	1216	0.1064	0.3834
200.9999	1217	0.1068	0.3828
200.9999	1218	0.1075	0.3814
200.9999	1219	0.1059	0.3804
201.9997	1220	0.1116	0.3781
201.9997	1221	0.1103	0.3766
201.9997	1222	0.1085	0.3770
201.9997	1223	0.1135	0.3917
201.9997	1224	0.1156	0.4013
201.9997	1225	0.1183	0.4052
202.9995	1226	0.1407	0.4034
202.9995	1227	0.1401	0.4003
202.9995	1228	0.1400	0.3982
202.9995	1229	0.1385	0.3953
202.9995	1230	0.1355	0.3930
202.9995	1231	0.1341	0.3910
203.9996	1232	0.4327	0.3897
203.9996	1233	0.4321	0.3878
203.9996	1234	0.4302	0.3866
203.9996	1235	0.4307	0.3865
203.9996	1236	0.4332	0.3846
203.9996	1237	0.4330	0.3829
204.9998	1238	0.3777	0.4000
204.9998	1239	0.3778	0.3999
204.9998	1240	0.3778	0.3999
204.9998	1241	0.3780	0.4001
204.9998	1242	0.3782	0.3998
204.9998	1243	0.3787	0.4009
205.9996	1244	0.0947	0.4016
205.9996	1245	0.0926	0.4011
205.9996	1246	0.0914	0.4006
205.9996	1247	0.0906	0.3992
205.9996	1248	0.0903	0.3982
205.9996	1249	0.0897	0.3970
205.9996	1250	0.0901	0.3974
207.0001	1251	0.0787	0.3975
207.0001	1252	0.0766	0.3970
207.0001	1253	0.0753	0.3970
207.0001	1254	0.0747	0.3980
207.0001	1255	0.0735	0.3973
207.9995	1256	0.0558	0.3967
207.9995	1257	0.0558	0.3971
207.9995	1258	0.0551	0.3956
207.9995	1259	0.0543	0.3950
207.9995	1260	0.0542	0.3941
207.9995	1261	0.0535	0.3936
207.9995	1262	0.0523	0.3925
208.9999	1263	0.0572	0.3929
208.9999	1264	0.0581	0.3922
208.9999	1265	0.0576	0.3923
208.9999	1266	0.0615	0.4035
208.9999	1267	0.0617	0.4058
208.9999	1268	0.0610	0.4073
210.0000	1269	0.0841	0.4074
210.0000	1270	0.0854	0.4082
210.0000	1271	0.0861	0.4109
210.0000	1272	0.0938	0.4317
210.0000	1273	0.0956	0.4373
210.0000	1274	0.0991	0.4410
211.0003	1275	0.1432	0.4391
211.0003	1276	0.1454	0.4374
211.0003	1277	0.1467	0.4343
211.0003	1278	0.1451	0.4317
211.0003	1279	0.1413	0.4310
211.0003	1280	0.1396	0.4297
212.0001	1281	0.1567	0.4291
212.0001	1282	0.1565	0.4283
212.0001	1283	0.1556	0.4277
212.0001	1284	0.1539	0.4260
212.0001	1285	0.1540	0.4255
212.0001	1286	0.1543	0.4249
212.9997	1287	0.1409	0.4245
212.9997	1288	0.1392	0.4233
212.9997	1289	0.1399	0.4229
212.9997	1290	0.1407	0.4220
212.9997	1291	0.1402	0.4207
212.9997	1292	0.1397	0.4211
213.9999	1293	0.1325	0.4212
213.9999	1294	0.1315	0.4196
213.9999	1295	0.1303	0.4192
213.9999	1296	0.1290	0.4184
213.9999	1297	0.1281	0.4172
213.9999	1298	0.1274	0.4159
214.9996	1299	0.0745	0.4152
214.9996	1300	0.0755	0.4147
214.9996	1301	0.0763	0.4149
214.9996	1302	0.0772	0.4142
214.9996	1303	0.0754	0.4126
214.9996	1304	0.0766	0.4136
215.9998	1305	0.1033	0.4121
215.9998	1306	0.1023	0.4103
215.9998	1307	0.1031	0.4096
215.9998	1308	0.1043	0.4104
215.9998	1309	0.1048	0.4088
215.9998	1310	0.1054	0.4079
216.9998	1311	0.1410	0.4085
216.9998	1312	0.1410	0.4079
216.9998	1313	0.1395	0.4071
216.9998	1314	0.1412	0.4080
216.9998	1315	0.1430	0.4073
216.9998	1316	0.1423	0.4063
218.0005	1317	0.1514	0.4062
218.0005	1318	0.1517	0.4055
218.0005	1319	0.1530	0.4053
218.0005	1320	0.1525	0.4047
218.0005	1321	0.1519	0.4033
218.0005	1322	0.1502	0.4014
219.0003	1323	0.1291	0.4015
219.0003	1324	0.1288	0.4007
219.0003	1325	0.1276	0.3989
219.0003	1326	0.1265	0.3976
219.0003	1327	0.1263	0.3972
219.0003	1328	0.1243	0.3948
219.9997	1329	0.0898	0.3936
219.9997	1330	0.0880	0.3914
219.9997	1331	0.0862	0.3897
219.9997	1332	0.0855	0.3887
219.9997	1333	0.0849	0.3895
219.9997	1334	0.0859	0.3898
220.9995	1335	0.0731	0.3888
220.9995	1336	0.0754	0.3885
220.9995	1337	0.0738	0.3857
220.9995	1338	0.0717	0.3854
220.9995	1339	0.0706	0.3857
220.9995	1340	0.0705	0.3833
222.0002	1341	0.0527	0.3811
222.0002	1342	0.0522	0.3807
222.0002	1343	0.0520	0.3822
222.0002	1344	0.0505	0.3809
222.0002	1345	0.0489	0.3804
222.0002	1346	0.0474	0.3796
222.9996	1347	0.0449	0.3793
222.9996	1348	0.0471	0.3817
222.9996	1349	0.0480	0.3809
222.9996	1350	0.0486	0.3793
222.9996	1351	0.0504	0.3779
222.9996	1352	0.0491	0.3764
223.9995	1353	0.0658	0.3758
223.9995	1354	0.0630	0.3737
223.9995	1355	0.0614	0.3742
223.9995	1356	0.0595	0.3733
223.9995	1357	0.0566	0.3715
223.9995	1358	0.0559	0.3710
225.0004	1359	0.0691	0.3688
225.0004	1360	0.0683	0.3671
225.0004	1361	0.0688	0.3658
225.0004	1362	0.0685	0.3647
225.0004	1363	0.0689	0.3632
225.0004	1364	0.0708	0.3663
225.9999	1365	0.0828	0.3830
225.9999	1366	0.0835	0.3855
225.9999	1367	0.0845	0.3869
225.9999	1368	0.0831	0.3853
225.9999	1369	0.0810	0.3842
225.9999	1370	0.0792	0.3841
226.9999	1371	0.0607	0.3842
226.9999	1372	0.0616	0.3853
226.9999	1373	0.0621	0.3854
226.9999	1374	0.0622	0.3859
226.9999	1375	0.0617	0.3869
226.9999	1376	0.0602	0.3865
226.9999	1377	0.0627	0.3864
228.0000	1378	0.0649	0.3865
228.0000	1379	0.0652	0.3862
228.0000	1380	0.0652	0.3850
228.0000	1381	0.0655	0.3843
228.0000	1382	0.0669	0.3811
228.0000	1383	0.0674	0.3795
228.9995	1384	0.3187	0.3796
228.9995	1385	0.3159	0.3769
228.9995	1386	0.3155	0.3751
228.9995	1387	0.3180	0.3746
228.9995	1388	0.3224	0.3753
228.9995	1389	0.3270	0.3769
229.9999	1390	0.7407	0.3771
229.9999	1391	0.7426	0.3772
229.9999	1392	0.7476	0.3777
229.9999	1393	0.7534	0.3764
229.9999	1394	0.7563	0.3743
230.9999	1395	1.0864	0.3721
230.9999	1396	1.0865	0.3706
230.9999	1397	1.0870	0.3717
230.9999	1398	1.0876	0.3717
230.9999	1399	1.0865	0.3718
230.9999	1400	1.0908	0.3712
230.9999	1401	1.0930	0.3712
232.0007	1402	1.1091	0.3716
232.0007	1403	1.1093	0.3716
232.0007	1404	1.1093	0.3718
232.0007	1405	1.1091	0.3720
232.0007	1406	1.1092	0.3722
232.0007	1407	1.1092	0.3723
232.9999	1408	1.1085	0.3724
232.9999	1409	1.1086	0.3725
232.9999	1410	1.1087	0.3727
232.9999	1411	1.1085	0.3729
232.9999	1412	1.1083	0.3730
232.9999	1413	1.1082	0.3731
234.0004	1414	1.1054	0.3732
234.0004	1415	1.1054	0.3732
234.0004	1416	1.1053	0.3733
234.0004	1417	1.1053	0.3733
234.0004	1418	1.1053	0.3735
234.0004	1419	1.1052	0.3735
234.9998	1420	1.1048	0.3736
234.9998	1421	1.1049	0.3737
