dt(cam)	frame	LO	AO
0.0000	0000	-100.0000	0.0000
0.0006	0001	-100.0000	0.0000
0.0044	0002	-100.0000	0.0000
0.0143	0003	-100.0000	0.0000
0.0299	0004	-100.0000	0.0000
0.1902	0005	-100.0000	0.0000
0.3520	0006	-100.0000	0.0000
0.5596	0007	-100.0000	0.0000
0.6768	0008	-100.0000	0.0000
0.8446	0009	-100.0000	0.0000
1.0416	0010	-100.0000	0.0000
1.2232	0011	-100.0000	0.0000
1.3474	0012	-100.0000	0.0000
1.5058	0013	-100.0000	0.0000
1.6765	0014	-100.0000	0.0000
1.8390	0015	-100.0000	0.0000
2.0034	0016	-100.0000	0.0000
2.1710	0017	-100.0000	0.0000
2.3382	0018	-100.0000	0.0000
2.5420	0019	-100.0000	0.0000
2.6645	0020	-100.0000	0.0000
2.8340	0021	-100.0000	0.0000
2.9956	0022	-100.0000	0.0000
3.1846	0023	-100.0000	-2.3091
3.3274	0024	-100.0000	0.2525
3.5021	0025	-100.0000	0.1345
3.6583	0026	-100.0000	0.1345
3.8239	0027	-100.0000	0.1345
3.9936	0028	-100.0000	0.1345
4.1670	0029	-100.0000	0.1345
4.3219	0030	-100.0000	0.1345
4.4857	0031	-100.0000	0.1335
4.6513	0032	-100.0000	0.1078
4.8177	0033	-100.0000	0.1078
4.9947	0034	-100.0000	0.1078
5.1502	0035	-100.0000	0.1078
5.3150	0036	-100.0000	0.1078
5.4835	0037	-100.0000	0.1078
5.6450	0038	-100.0000	0.0529
5.8107	0039	-100.0000	0.0529
6.0202	0040	-100.0000	0.0529
6.1416	0041	-100.0000	0.0529
6.3104	0042	-100.0000	0.0529
6.4954	0043	-100.0000	-0.1132
6.6386	0044	-100.0000	-0.0444
6.8036	0045	-100.0000	-0.0444
6.9749	0046	-100.0000	-0.0444
7.1359	0047	-100.0000	-0.0444
7.3044	0048	-100.0000	-0.0444
7.4674	0049	-100.0000	-0.0444
7.6363	0050	-100.0000	-0.0795
7.8017	0051	-100.0000	-0.0795
8.0188	0052	-100.0000	-0.0795
8.1284	0053	-100.0000	-0.0795
8.3335	0054	-100.0000	-0.0795
8.4604	0055	-100.0000	-0.0795
8.6328	0056	-100.0000	-0.0656
8.8421	0057	-100.0000	-0.0806
8.9583	0058	-100.0000	-0.0806
9.1321	0059	-100.0000	-0.0806
9.2916	0060	-100.0000	-0.0806
9.4544	0061	-100.0000	-0.0806
9.6200	0062	-100.0000	-0.0664
9.7993	0063	-100.0000	-0.0501
9.9956	0064	-100.0000	-0.0501
10.1155	0065	-100.0000	-0.0501
10.3320	0066	-100.0000	-0.0501
10.4710	0067	-100.0000	-0.0501
10.6141	0068	-100.0000	-0.0267
10.8243	0069	-100.0000	-0.0632
10.9469	0070	-100.0000	-0.0632
11.1176	0071	-100.0000	-0.0632
11.2803	0072	-100.0000	-0.0632
11.4476	0073	-100.0000	-0.0632
11.6175	0074	-100.0000	-0.0577
11.7798	0075	-100.0000	0.0296
11.9464	0076	-100.0000	0.0296
12.1124	0077	-100.0000	0.0296
12.3102	0078	-100.0000	0.0296
12.4455	0079	-100.0000	0.0296
12.6124	0080	-100.0000	0.0053
12.7788	0081	-100.0000	0.0000
12.9450	0082	-100.0000	0.0000
13.1198	0083	-100.0000	0.0000
13.2776	0084	-100.0000	0.0000
13.4454	0085	-100.0000	0.0000
13.6107	0086	-100.0000	0.0000
13.7863	0087	-100.0000	-0.0077
13.9439	0088	-100.0000	-0.0077
14.1106	0089	-100.0000	-0.0832
14.2806	0090	-100.0000	-0.0832
14.4430	0091	-100.0000	-0.0832
14.6100	0092	-100.0000	-0.0896
14.7766	0093	-100.0000	-0.1357
14.9425	0094	-100.0000	-0.1357
15.1103	0095	-100.0000	-0.1357
15.2769	0096	-100.0000	-0.1357
15.4422	0097	-100.0000	-0.1357
15.6096	0098	-100.0000	-0.1535
15.7754	0099	-100.0000	-0.1804
15.9433	0100	-100.0000	-0.1804
16.1096	0101	-100.0000	-0.1804
16.2749	0102	-100.0000	-0.1804
16.4423	0103	-100.0000	-0.1804
16.6075	0104	-100.0000	-0.1752
16.7755	0105	-100.0000	-0.1996
16.9409	0106	-100.0000	-0.1996
17.1146	0107	-100.0000	-0.1996
17.2732	0108	-100.0000	-0.1996
17.4400	0109	-100.0000	-0.1996
17.6080	0110	-100.0000	-0.2024
17.7821	0111	-100.0000	-0.2024
17.9403	0112	-100.0000	-0.2024
18.1161	0113	-100.0000	-0.2024
18.2305	0114	-100.0000	-0.1751
18.4026	0115	-100.0000	-0.1751
18.5646	0116	-100.0000	-0.1632
18.7317	0117	-100.0000	-0.1757
18.9036	0118	-100.0000	-0.1757
19.0795	0119	-100.0000	-0.1757
19.2227	0120	-100.0000	-0.1757
19.3895	0121	-100.0000	-0.1757
19.5698	0122	-100.0000	-0.1718
19.7187	0123	-100.0000	-0.1599
19.8852	0124	-100.0000	-0.1599
20.0511	0125	-100.0000	-0.1599
20.2154	0126	-100.0000	-0.1599
20.3835	0127	-100.0000	-0.1599
20.5500	0128	-100.0000	-0.1334
20.7147	0129	-100.0000	-0.1275
20.8786	0130	-100.0000	-0.1275
21.0448	0131	-100.0000	-0.1275
21.2123	0132	-100.0000	-0.1275
21.3784	0133	-100.0000	-0.1275
21.5445	0134	-100.0000	-0.1210
21.7100	0135	-100.0000	-0.1005
21.8715	0136	-100.0000	-0.1005
22.0397	0137	-100.0000	-0.1005
22.2028	0138	-100.0000	-0.1005
22.3735	0139	-100.0000	-0.1005
22.5358	0140	-100.0000	-0.1069
22.7000	0141	-100.0000	-0.1045
22.8651	0142	-100.0000	-0.1045
23.0345	0143	-100.0000	-0.1045
23.1965	0144	-100.0000	-0.1045
23.3642	0145	-100.0000	-0.1045
23.5487	0146	-100.0000	-0.1037
23.6928	0147	-100.0000	-0.0920
23.8769	0148	-100.0000	-0.0920
24.0384	0149	-100.0000	-0.0920
24.1963	0150	-100.0000	-0.0920
24.3585	0151	-100.0000	-0.0920
24.5596	0152	-100.0000	-0.0894
24.7301	0153	-100.0000	-0.1018
24.8527	0154	-100.0000	-0.1018
25.0223	0155	-100.0000	-0.1018
25.1944	0156	-100.0000	-0.1018
25.3528	0157	-100.0000	-0.1018
25.5512	0158	-100.0000	-0.0995
25.6797	0159	-100.0000	-0.1003
25.8457	0160	-100.0000	-0.1003
26.0111	0161	-100.0000	-0.1003
26.1798	0162	-100.0000	-0.1003
26.3666	0163	-100.0000	-0.1003
26.5094	0164	-100.0000	-0.0836
26.6995	0165	-100.0000	-0.0717
26.8396	0166	-100.0000	-0.0717
27.0122	0167	-100.0000	-0.0717
27.1782	0168	-100.0000	-0.0717
27.3543	0169	-100.0000	-0.0717
27.5432	0170	-100.0000	-0.0286
27.6678	0171	-100.0000	-0.0120
27.8337	0172	-100.0000	-0.0120
28.0014	0173	-100.0000	-0.0120
28.2112	0174	-100.0000	-0.0120
28.3308	0175	-100.0000	-0.0120
28.5352	0176	-100.0000	0.0223
28.6609	0177	-100.0000	0.0444
28.8272	0178	-100.0000	0.0444
28.9971	0179	-100.0000	0.0444
29.1919	0180	-100.0000	0.0444
29.3228	0181	-100.0000	0.0444
29.4893	0182	-100.0000	0.0444
29.6623	0183	-100.0000	0.0585
29.8225	0184	-100.0000	0.0585
29.9875	0185	-100.0000	0.0585
30.1649	0186	-100.0000	0.0585
30.3641	0187	-100.0000	0.0585
30.4834	0188	-100.0000	0.0585
30.6539	0189	-100.0000	0.0844
30.8168	0190	-100.0000	0.0844
31.0056	0191	-100.0000	0.0844
31.1753	0192	-100.0000	0.0844
31.3109	0193	-100.0000	0.0758
31.4753	0194	-100.0000	0.0758
31.6695	0195	-100.0000	0.0675
31.8402	0196	-100.0000	0.0675
31.9729	0197	-100.0000	0.0675
32.1854	0198	-100.0000	0.0675
32.3048	0199	-100.0000	0.0675
32.4688	0200	-100.0000	0.0675
32.6381	0201	-100.0000	0.0436
32.8042	0202	-100.0000	0.0436
32.9723	0203	-100.0000	0.0436
33.1340	0204	-100.0000	0.0436
33.2971	0205	-100.0000	0.0436
33.4674	0206	-100.0000	0.0436
33.6301	0207	-100.0000	0.0514
33.7976	0208	-100.0000	0.0708
33.9630	0209	-100.0000	0.0708
34.1282	0210	-100.0000	0.0708
34.2904	0211	-100.0000	0.0708
34.4554	0212	-100.0000	0.0708
34.6216	0213	-100.0000	0.0620
34.7924	0214	-100.0000	0.0524
34.9575	0215	-100.0000	0.0524
35.1179	0216	-100.0000	0.0524
35.2836	0217	-100.0000	0.0524
35.4500	0218	-100.0000	0.0580
35.6158	0219	-100.0000	0.0623
35.7887	0220	-100.0000	0.0623
35.9666	0221	-100.0000	0.0623
36.1117	0222	-100.0000	0.0623
36.2774	0223	-100.0000	0.0623
36.4705	0224	-100.0000	0.0623
36.6091	0225	-100.0000	0.0547
36.7749	0226	-100.0000	0.0522
36.9424	0227	-100.0000	0.0522
37.1048	0228	-100.0000	0.0522
37.2716	0229	-100.0000	0.0522
37.4391	0230	-100.0000	0.0522
37.6017	0231	-100.0000	0.0333
37.8182	0232	-100.0000	0.0205
37.9362	0233	-100.0000	0.0205
38.1007	0234	-100.0000	0.0205
38.2754	0235	-100.0000	0.0205
38.4346	0236	-100.0000	0.0205
38.5995	0237	-100.0000	0.0303
38.8151	0238	-100.0000	0.0317
38.9283	0239	-100.0000	0.0317
39.1138	0240	-100.0000	0.0317
39.2580	0241	-100.0000	0.0317
39.4553	0242	-100.0000	0.0317
39.5912	0243	-100.0000	0.0355
39.7852	0244	-100.0000	0.0252
39.9542	0245	-100.0000	0.0252
40.1134	0246	-100.0000	0.0252
40.2877	0247	-100.0000	0.0252
40.4174	0248	-100.0000	0.0252
40.5829	0249	-100.0000	0.0154
40.7527	0250	-100.0000	0.0134
40.9160	0251	-100.0000	0.0134
41.0819	0252	-100.0000	0.0134
41.2476	0253	-100.0000	0.0134
41.4167	0254	-100.0000	0.0134
41.5825	0255	-100.0000	0.0250
41.7477	0256	-100.0000	0.0422
41.9301	0257	-100.0000	0.0422
42.0801	0258	-100.0000	0.0422
42.2480	0259	-100.0000	0.0422
42.4144	0260	-100.0000	0.0422
42.5851	0261	-100.0000	0.0412
42.7577	0262	-100.0000	0.0340
42.9127	0263	-100.0000	0.0340
43.1076	0264	-100.0000	0.0340
43.2481	0265	-100.0000	0.0340
43.4607	0266	-100.0000	0.0340
43.5798	0267	-100.0000	0.0110
43.7477	0268	-100.0000	0.0005
43.9142	0269	-100.0000	0.0005
44.0780	0270	-100.0000	0.0005
44.2509	0271	-100.0000	0.0005
44.4115	0272	-100.0000	0.0005
44.5800	0273	-100.0000	-0.0426
44.7472	0274	-100.0000	-0.0479
44.9104	0275	-100.0000	-0.0479
45.0788	0276	-100.0000	-0.0479
45.2441	0277	-100.0000	-0.0479
45.4105	0278	-100.0000	-0.0479
45.5874	0279	-100.0000	-0.0913
45.7430	0280	-100.0000	-0.1336
45.9129	0281	-100.0000	-0.1336
46.0757	0282	-100.0000	-0.1336
46.2431	0283	-100.0000	-0.1336
46.4092	0284	-100.0000	-0.1336
46.5756	0285	-100.0000	-0.2283
46.7462	0286	-100.0000	-0.3027
46.9177	0287	-100.0000	-0.3027
47.0765	0288	-100.0000	-0.3027
47.2421	0289	-100.0000	-0.3027
47.4107	0290	-100.0000	-0.3027
47.5788	0291	-100.0000	-0.2938
47.7455	0292	-100.0000	-0.3429
47.9095	0293	-100.0000	-0.3429
48.0837	0294	-100.0000	-0.3429
48.2480	0295	-100.0000	-0.3429
48.4206	0296	-100.0000	-0.3177
48.5741	0297	-100.0000	-0.3177
48.7420	0298	-100.0000	-0.3448
48.9112	0299	-100.0000	-0.3448
49.0277	0300	-100.0000	-0.3448
49.2084	0301	-100.0000	-0.3448
49.4024	0302	-100.0000	-0.3448
49.5245	0303	-100.0000	-0.3025
49.7317	0304	-100.0000	-0.3144
49.8560	0305	-100.0000	-0.3144
50.0206	0306	-100.0000	-0.3144
50.2148	0307	-100.0000	-0.3144
50.3996	0308	-100.0000	-0.3144
50.5216	0309	-100.0000	-0.2792
50.7025	0310	-100.0000	-0.1956
50.8489	0311	-100.0000	-0.1956
51.0172	0312	-100.0000	-0.1956
51.2003	0313	-100.0000	-0.1956
51.3910	0314	-100.0000	-0.1956
51.5530	0315	-100.0000	-0.1935
51.6787	0316	-100.0000	-0.1800
51.8850	0317	-100.0000	-0.1800
52.0080	0318	-100.0000	-0.1800
52.2442	0319	-100.0000	-0.1800
52.3389	0320	-100.0000	-0.1800
52.5709	0321	-100.0000	-0.1649
52.7162	0322	-100.0000	-0.1649
52.8354	0323	-100.0000	-0.1649
53.0030	0324	-100.0000	-0.1649
53.1858	0325	-100.0000	-0.1649
53.3345	0326	-100.0000	-0.1649
53.5452	0327	-100.0000	-0.1626
53.7357	0328	-100.0000	-0.1644
53.8373	0329	-100.0000	-0.1644
54.0423	0330	-100.0000	-0.1644
54.1603	0331	-100.0000	-0.1644
54.3334	0332	-100.0000	-0.1644
54.4943	0333	-100.0000	-0.1644
54.7015	0334	-100.0000	-0.1533
54.8260	0335	-100.0000	-0.1533
55.0225	0336	-100.0000	-0.1533
55.1540	0337	-100.0000	-0.1533
55.3592	0338	-100.0000	-0.1533
55.5300	0339	-100.0000	-0.1533
55.6502	0340	-100.0000	-0.1365
55.8194	0341	-100.0000	-0.1365
55.9833	0342	-100.0000	-0.1365
56.1510	0343	-100.0000	-0.1365
56.3552	0344	-100.0000	-0.1365
56.4780	0345	-100.0000	-0.1365
56.6450	0346	-100.0000	-0.1286
56.8107	0347	-100.0000	-0.1286
57.0193	0348	-100.0000	-0.1286
57.1426	0349	-100.0000	-0.1286
57.3449	0350	-100.0000	-0.1286
57.4716	0351	-100.0000	-0.1286
57.6367	0352	-100.0000	-0.1257
57.8026	0353	-100.0000	-0.1257
57.9715	0354	-100.0000	-0.1257
58.1400	0355	-100.0000	-0.1257
58.3013	0356	-100.0000	-0.1257
58.4652	0357	-100.0000	-0.1257
58.6366	0358	-100.0000	-0.1229
58.7976	0359	-100.0000	-0.1265
58.9741	0360	-100.0000	-0.1265
59.1307	0361	-100.0000	-0.1265
59.2942	0362	-100.0000	-0.1265
59.4587	0363	-100.0000	-0.1265
59.6273	0364	-100.0000	-0.1212
59.7924	0365	-100.0000	-0.1218
59.9637	0366	-100.0000	-0.1218
60.1681	0367	-100.0000	-0.1218
60.2868	0368	-100.0000	-0.1218
60.4530	0369	-100.0000	-0.1218
60.6196	0370	-100.0000	-0.1165
60.7924	0371	-100.0000	-0.1117
60.9694	0372	-100.0000	-0.1117
61.1138	0373	-100.0000	-0.1117
61.2812	0374	-100.0000	-0.1117
61.4489	0375	-100.0000	-0.1117
61.6123	0376	-100.0000	-0.1151
61.8059	0377	-100.0000	-0.1076
61.9421	0378	-100.0000	-0.1076
62.1087	0379	-100.0000	-0.1076
62.2736	0380	-100.0000	-0.1076
62.4525	0381	-100.0000	-0.1076
62.6082	0382	-100.0000	-0.1116
62.7955	0383	-100.0000	-0.1117
62.9357	0384	-100.0000	-0.1117
63.1026	0385	-100.0000	-0.1117
63.3038	0386	-100.0000	-0.1117
63.4340	0387	-100.0000	-0.1117
63.6134	0388	-100.0000	-0.0680
63.8161	0389	-100.0000	-0.0602
63.9302	0390	-100.0000	-0.0602
64.0959	0391	-100.0000	-0.0602
64.2606	0392	-100.0000	-0.0602
64.4268	0393	-100.0000	-0.0602
64.6024	0394	-100.0000	-0.0286
64.7613	0395	-100.0000	-0.0146
64.9235	0396	-100.0000	-0.0146
65.0881	0397	-100.0000	-0.0146
65.2537	0398	-100.0000	-0.0146
65.4204	0399	-100.0000	-0.0146
65.5924	0400	-100.0000	0.0103
65.8030	0401	-100.0000	0.0391
65.9175	0402	-100.0000	0