dt(cam)	frame	LO	AO
0.0000	0000	-0.0419	0.0000
0.1656	0001	-0.0419	0.0000
0.3344	0002	-0.0419	0.0000
0.5014	0003	-0.0455	0.0000
0.6769	0004	-0.0455	0.0000
0.8589	0005	-0.0455	0.0000
0.9995	0006	-0.0455	0.0000
1.1665	0007	-0.0455	0.0000
1.3352	0008	-0.0455	0.0000
1.5014	0009	-0.1390	0.0000
1.6676	0010	-0.1390	0.0000
1.8359	0011	-0.1390	-0.9330
2.0010	0012	-0.1390	-0.9330
2.0924	0013	-0.1390	-0.9330
2.2566	0014	-0.1390	-0.9330
2.4250	0015	0.4526	-0.9280
2.5992	0016	0.4526	-0.9280
2.7931	0017	0.4526	-0.9280
2.9169	0018	0.4526	-0.9280
3.0821	0019	0.4526	-0.9280
3.2791	0020	0.4526	-0.9280
3.4613	0021	0.2618	-0.9306
3.5776	0022	0.2618	-0.9306
3.7434	0023	0.2618	-0.9306
3.9083	0024	0.2618	-0.9306
4.0759	0025	0.2618	-0.9306
4.2405	0026	0.2618	-0.9306
4.4126	0027	0.0042	-0.9368
4.5710	0028	0.0042	-0.9368
4.7432	0029	0.0042	-0.9368
4.9364	0030	0.0042	-0.9368
5.0672	0031	0.0042	-0.9368
5.2383	0032	0.0042	-0.9368
5.4486	0033	0.0054	-0.9285
5.5641	0034	0.0054	-0.9285
5.7276	0035	0.0054	-0.9285
5.8936	0036	0.0054	-0.9285
6.0605	0037	0.0054	-0.9285
6.2260	0038	0.0054	-0.9285
6.4018	0039	0.0054	-0.9285
6.5558	0040	0.0191	-0.9184
6.7526	0041	0.0191	-0.9184
6.8862	0042	0.0191	-0.9184
7.0552	0043	0.0191	-0.9184
7.2606	0044	0.0191	-0.9184
7.4283	0045	0.0285	-0.9125
7.5511	0046	0.0285	-0.9125
7.7178	0047	0.0285	-0.9125
7.8804	0048	0.0285	-0.9125
8.0480	0049	0.0285	-0.9125
8.2163	0050	0.0285	-0.9125
8.4251	0051	0.0254	-0.9175
8.5800	0052	0.0254	-0.9175
8.7072	0053	0.0254	-0.9175
8.8807	0054	0.0254	-0.9175
9.0455	0055	0.0254	-0.9175
9.2032	0056	0.0254	-0.9175
9.4046	0057	0.0254	-0.9175
9.5336	0058	0.0266	-0.9461
9.6995	0059	0.0266	-0.9461
9.8692	0060	0.0266	-0.9461
10.0754	0061	0.0266	-0.9461
10.1964	0062	0.0266	-0.9461
10.3623	0063	0.0266	-0.9461
10.5261	0064	0.0253	-0.9391
10.6929	0065	0.0253	-0.9391
10.8641	0066	0.0253	-0.9391
11.0681	0067	0.0253	-0.9391
11.1878	0068	0.0253	-0.9391
11.3586	0069	0.0253	-0.9391
11.5228	0070	0.0239	-0.9352
11.6846	0071	0.0239	-0.9352
11.8517	0072	0.0239	-0.9352
12.0167	0073	0.0239	-0.9352
12.1889	0074	0.0239	-0.9352
12.3484	0075	0.0239	-0.9352
12.5143	0076	0.0280	-0.9318
12.6794	0077	0.0280	-0.9318
12.8709	0078	0.0280	-0.9318
13.0636	0079	0.0280	-0.9318
13.1781	0080	0.0280	-0.9318
13.3428	0081	0.0280	-0.9318
13.5066	0082	0.0355	-0.9243
13.6996	0083	0.0355	-0.9243
13.8425	0084	0.0355	-0.9243
14.0293	0085	0.0355	-0.9243
14.2179	0086	0.0355	-0.9243
14.3806	0087	0.0355	-0.9243
14.4988	0088	0.0514	-0.9174
14.7043	0089	0.0514	-0.9174
14.8311	0090	0.0514	-0.9174
15.0388	0091	0.0514	-0.9174
15.1602	0092	0.0514	-0.9174
15.3283	0093	0.0514	-0.9174
15.4948	0094	0.0514	-0.9174
15.6714	0095	0.0514	-0.9174
15.8339	0096	0.0514	-0.9174
15.9911	0097	0.0514	-0.9174
16.1594	0098	0.0338	-0.9578
16.3332	0099	0.0338	-0.9578
16.4916	0100	0.0293	-0.9542
16.6617	0101	0.0293	-0.9542
16.8247	0102	0.0293	-0.9542
16.9924	0103	0.0293	-0.9542
17.1878	0104	0.0293	-0.9542
17.3238	0105	0.0293	-0.9542
17.4905	0106	0.0275	-0.9437
17.6821	0107	0.0275	-0.9437
17.8266	0108	0.0275	-0.9437
18.0274	0109	0.0275	-0.9437
18.1602	0110	0.0275	-0.9437
18.3256	0111	0.0275	-0.9437
18.4899	0112	0.0306	-0.9421
18.6580	0113	0.0306	-0.9421
18.8244	0114	0.0306	-0.9421
18.9920	0115	0.0306	-0.9421
19.1596	0116	0.0306	-0.9421
19.3265	0117	0.0306	-0.9421
19.4911	0118	0.0335	-0.9394
19.6564	0119	0.0335	-0.9394
19.8276	0120	0.0335	-0.9394
19.9908	0121	0.0335	-0.9394
20.1565	0122	0.0335	-0.9394
20.3230	0123	0.0335	-0.9394
20.4897	0124	0.0403	-0.9308
20.6579	0125	0.0403	-0.9308
20.8254	0126	0.0403	-0.9308
20.9894	0127	0.0403	-0.9308
21.1565	0128	0.0403	-0.9308
21.3270	0129	0.0403	-0.9308
21.4904	0130	0.0387	-0.9226
21.6569	0131	0.0387	-0.9226
21.8297	0132	0.0387	-0.9226
21.9909	0133	0.0387	-0.9226
22.1745	0134	0.0387	-0.9226
22.3282	0135	0.0387	-0.9226
22.4920	0136	0.0523	-0.9528
22.6582	0137	0.0523	-0.9528
22.8254	0138	0.0523	-0.9528
23.0168	0139	0.0523	-0.9528
23.1747	0140	0.0523	-0.9528
23.3244	0141	0.0523	-0.9528
23.4924	0142	0.0634	-0.9500
23.6568	0143	0.0634	-0.9500
23.8225	0144	0.0634	-0.9500
23.9907	0145	0.0634	-0.9500
24.1759	0146	0.0634	-0.9500
24.3230	0147	0.0634	-0.9500
24.4886	0148	0.0691	-0.9452
24.6594	0149	0.0691	-0.9452
24.8462	0150	0.0691	-0.9452
24.9897	0151	0.0691	-0.9452
25.1798	0152	0.0691	-0.9452
25.3256	0153	0.0691	-0.9452
25.4964	0154	0.0767	-0.9403
25.6551	0155	0.0767	-0.9403
25.8233	0156	0.0767	-0.9403
25.9953	0157	0.0767	-0.9403
26.1712	0158	0.0767	-0.9403
26.3229	0159	0.0767	-0.9403
26.4918	0160	0.0767	-0.9403
26.6612	0161	0.0758	-0.9345
26.8228	0162	0.0758	-0.9345
27.0123	0163	0.0758	-0.9345
27.1550	0164	0.0758	-0.9345
27.3429	0165	0.0758	-0.9345
27.4280	0166	0.0758	-0.9345
27.6241	0167	0.0667	-0.9370
27.7415	0168	0.0667	-0.9370
27.9071	0169	0.0667	-0.9370
28.1042	0170	0.0667	-0.9370
28.2420	0171	0.0667	-0.9370
28.4591	0172	0.0667	-0.9370
28.6129	0173	0.0674	-0.9526
28.7330	0174	0.0674	-0.9526
28.8988	0175	0.0674	-0.9526
29.1027	0176	0.0674	-0.9526
29.2645	0177	0.0674	-0.9526
29.4172	0178	0.0674	-0.9526
29.5693	0179	0.0616	-0.9456
29.7291	0180	0.0616	-0.9456
29.8918	0181	0.0616	-0.9456
30.0585	0182	0.0616	-0.9456
30.2406	0183	0.0616	-0.9456
30.3906	0184	0.0616	-0.9456
30.5587	0185	0.0446	-0.9362
30.7198	0186	0.0446	-0.9362
30.8892	0187	0.0446	-0.9362
31.0554	0188	0.0446	-0.9362
31.2214	0189	0.0446	-0.9362
31.4018	0190	0.0446	-0.9362
31.5927	0191	0.0446	-0.9362
31.7151	0192	0.0446	-0.9362
31.8797	0193	0.0446	-0.9362
32.0662	0194	0.0446	-0.9362
32.2533	0195	0.0446	-0.9362
32.4213	0196	0.0301	-0.9576
32.5417	0197	0.0301	-0.9576
32.7090	0198	0.0301	-0.9576
32.8726	0199	0.0301	-0.9576
33.0777	0200	0.0301	-0.9576
33.2565	0201	0.0301	-0.9576
33.3692	0202	0.0301	-0.9576
33.5359	0203	0.0291	-0.9529
33.7013	0204	0.0291	-0.9529
33.9020	0205	0.0291	-0.9529
34.0839	0206	0.0291	-0.9529
34.1967	0207	0.0291	-0.9529
34.3657	0208	0.0291	-0.9529
34.5293	0209	0.0203	-0.9533
34.6943	0210	0.0203	-0.9533
34.8646	0211	0.0203	-0.9533
35.0301	0212	0.0203	-0.9533
35.1904	0213	0.0203	-0.9533
35.3773	0214	0.0203	-0.9533
35.5239	0215	0.0188	-0.9490
35.6867	0216	0.0188	-0.9490
35.8572	0217	0.0188	-0.9490
36.0287	0218	0.0188	-0.9490
36.1834	0219	0.0188	-0.9490
36.3503	0220	0.0188	-0.9490
36.5562	0221	0.0287	-0.9414
36.6819	0222	0.0287	-0.9414
36.8502	0223	0.0287	-0.9414
37.0596	0224	0.0287	-0.9414
37.1765	0225	0.0287	-0.9414
37.3880	0226	0.0287	-0.9414
37.5071	0227	0.0270	-0.9325
37.6785	0228	0.0270	-0.9325
37.8729	0229	0.0270	-0.9325
38.0065	0230	0.0270	-0.9325
38.1732	0231	0.0270	-0.9325
38.3747	0232	0.0270	-0.9325
38.5016	0233	0.0380	-0.9581
38.6677	0234	0.0380	-0.9581
38.8368	0235	0.0380	-0.9581
39.0374	0236	0.0380	-0.9581
39.1647	0237	0.0380	-0.9581
39.3316	0238	0.0380	-0.9581
39.4950	0239	0.0521	-0.9523
39.6696	0240	0.0521	-0.9523
39.8283	0241	0.0521	-0.9523
40.0451	0242	0.0521	-0.9523
40.1578	0243	0.0521	-0.9523
40.3439	0244	0.0521	-0.9523
40.4900	0245	0.2016	-0.9438
40.6577	0246	0.2016	-0.9438
40.8655	0247	0.2016	-0.9438
41.0187	0248	0.2016	-0.9438
41.1551	0249	0.2016	-0.9438
41.3649	0250	0.2016	-0.9438
41.4883	0251	-0.4681	-0.9394
41.6549	0252	-0.4681	-0.9394
41.8518	0253	-0.4681	-0.9394
41.9882	0254	-0.4681	-0.9394
42.1853	0255	-0.4681	-0.9394
42.3317	0256	-0.4681	-0.9394
42.4867	0257	-0.4681	-0.9394
42.6583	0258	0.1427	-0.9353
42.8234	0259	0.1427	-0.9353
42.9871	0260	0.1427	-0.9353
43.1771	0261	0.1427	-0.9353
43.3206	0262	0.1427	-0.9353
43.4920	0263	0.1427	-0.9353
43.6539	0264	0.0442	-0.9341
43.8241	0265	0.0442	-0.9341
44.0024	0266	0.0442	-0.9341
44.1538	0267	0.0442	-0.9341
44.3244	0268	0.0442	-0.9341
44.4871	0269	0.0706	-0.9254
44.6555	0270	0.0706	-0.9254
44.8243	0271	0.0706	-0.9254
44.9906	0272	0.0706	-0.9254
45.1558	0273	0.0706	-0.9254
45.3205	0274	0.0706	-0.9254
45.4874	0275	0.1034	-0.9206
45.6544	0276	0.1034	-0.9206
45.8237	0277	0.1034	-0.9206
46.0089	0278	0.1034	-0.9206
46.1548	0279	0.1034	-0.9206
46.3210	0280	0.1034	-0.9206
46.4981	0281	0.1171	-0.9127
46.6683	0282	0.1171	-0.9127
46.8207	0283	0.1171	-0.9127
47.0144	0284	0.1171	-0.9127
47.1537	0285	0.1171	-0.9127
47.3229	0286	0.1171	-0.9127
47.4878	0287	0.1149	-0.9414
47.6565	0288	0.1149	-0.9414
47.8403	0289	0.1149	-0.9414
48.0156	0290	0.1149	-0.9414
48.1537	0291	0.1149	-0.9414
48.3225	0292	0.1149	-0.9414
48.4892	0293	0.1041	-0.9414
48.6550	0294	0.1041	-0.9414
48.8210	0295	0.1041	-0.9414
49.0080	0296	0.1041	-0.9414
49.1549	0297	0.1041	-0.9414
49.3402	0298	0.1041	-0.9414
49.4881	0299	0.1092	-0.9351
49.6547	0300	0.1092	-0.9351
49.8209	0301	0.1092	-0.9351
49.9974	0302	0.1092	-0.9351
50.1538	0303	0.1092	-0.9351
50.3229	0304	0.1092	-0.9351
50.4879	0305	0.1047	-0.9290
50.6556	0306	0.1047	-0.9290
50.8211	0307	0.1047	-0.9290
50.9935	0308	0.1047	-0.9290
51.1595	0309	0.1047	-0.9290
51.3353	0310	0.1047	-0.9290
51.4874	0311	0.1027	-0.9217
51.6573	0312	0.1027	-0.9217
51.8317	0313	0.1027	-0.9217
52.0197	0314	0.1027	-0.9217
52.1562	0315	0.1027	-0.9217
52.3219	0316	0.1027	-0.9217
52.5034	0317	0.1236	-0.9155
52.5764	0318	0.1236	-0.9155
52.7465	0319	0.1236	-0.9155
52.9071	0320	0.1236	-0.9155
53.0745	0321	0.1236	-0.9155
53.2415	0322	0.1236	-0.9155
53.4312	0323	0.1418	-0.9090
53.6048	0324	0.1418	-0.9090
53.7363	0325	0.1418	-0.9090
53.9020	0326	0.1418	-0.9090
54.0671	0327	0.1418	-0.9090
54.2327	0328	0.1418	-0.9090
54.4025	0329	0.1595	-0.9052
54.5976	0330	0.1595	-0.9052
54.7670	0331	0.1595	-0.9052
54.8934	0332	0.1595	-0.9052
55.0783	0333	0.1595	-0.9052
55.2258	0334	0.1595	-0.9052
55.4373	0335	0.1624	-0.9010
55.5566	0336	0.1624	-0.9010
55.7241	0337	0.1624	-0.9010
55.8883	0338	0.1624	-0.9010
56.0545	0339	0.1624	-0.9010
56.2237	0340	0.1624	-0.9010
56.3935	0341	0.1488	-0.9129
56.5622	0342	0.1488	-0.9129
56.7233	0343	0.1488	-0.9129
56.8826	0344	0.1488	-0.9129
57.0469	0345	0.1488	-0.9129
57.2183	0346	0.1488	-0.9129
57.4110	0347	0.1324	-0.9348
57.5447	0348	0.1324	-0.9348
57.7107	0349	0.1324	-0.9348
57.8773	0350	0.1324	-0.9348
58.0829	0351	0.1324	-0.9348
58.2084	0352	0.1324	-0.9348
58.4182	0353	0.1231	-0.9330
58.5393	0354	0.1231	-0.9330
58.7036	0355	0.1231	-0.9330
58.8707	0356	0.1231	-0.9330
59.0415	0357	0.1231	-0.9330
59.2020	0358	0.1231	-0.9330
59.3723	0359	0.1231	-0.9330
59.5574	0360	0.1161	-0.9312
59.7388	0361	0.1161	-0.9312
59.8621	0362	0.1161	-0.9312
60.0681	0363	0.1161	-0.9312
60.1979	0364	0.1161	-0.9312
60.4134	0365	0.1076	-0.9280
60.5256	0366	0.1076	-0.9280
60.6897	0367	0.1076	-0.9280
60.8563	0368	0.1076	-0.9280
61.0344	0369	0.1076	-0.9280
61.2403	0370	0.1076	-0.9280
61.3886	0371	0.1076	-0.9280
61.5187	0372	0.1203	-0.9216
61.6935	0373	0.1203	-0.9216
61.8529	0374	0.1203	-0.9216
62.0184	0375	0.1203	-0.9216
62.2293	0376	0.1203	-0.9216
62.3466	0377	0.1203	-0.9216
62.5116	0378	0.1216	-0.9181
62.6793	0379	0.1216	-0.9181
62.8457	0380	0.1216	-0.9181
63.0084	0381	0.1216	-0.9181
63.1748	0382	0.1216	-0.9181
63.3437	0383	0.1216	-0.9181
63.5075	0384	0.1273	-0.9105
63.6762	0385	0.1273	-0.9105
63.8604	0386	0.1273	-0.9105
64.0505	0387	0.1273	-0.9105
64.1753	0388	0.1273	-0.9105
64.3355	0389	0.1273	-0.9105
64.5016	0390	0.1273	-0.9105
64.6703	0391	0.1248	-0.9094
64.8531	0392	0.1248	-0.9094
64.9972	0393	0.1248	-0.9094
65.2036	0394	0.1248	-0.9094
65.3301	0395	0.1248	-0.9094
65.4953	0396	0.1267	-0.9093
65.6591	0397	0.1267	-0.9093
65.8289	0398	0.1267	-0.9093
66.0157	0399	0.1267	-0.9093
66.2127	0400	0.1267	-0.9093
66.3241	0401	0.1267	-0.9093
66.4924	0402	0.1251	-0.9093
66.6583	0403	0.1251	-0.9093
66.8298	0404	0.1251	-0.9093
67.0212	0405	0.1251	-0.9093
67.1587	0406	0.1251	-0.9093
67.3267	0407	0.1251	-0.9093
67.4942	0408	0.1256	-0.9092
67.6594	0409	0.1256	-0.9092
67.8245	0410	0.1256	-0.9092
68.0215	0411	0.1256	-0.9092
68.1577	0412	0.1256	-0.9092
68.3275	0413	0.1256	-0.9092
68.4908	0414	0.1257	-0.9093
68.6571	0415	0.1257	-0.9093
68.8439	0416	0.1257	-0.9093
68.9916	0417	0.1257	-0.9093
69.1697	0418	0.1257	-0.9093
69.3239	0419	0.1257	-0.9093
69.4920	0420	0.1237	-0.9107
69.6668	0421	0.1237	-0.9107
69.8287	0422	0.1237	-0.9107
69.9910	0423	0.1237	-0.9107
70.1575	0424	0.1237	-0.9107
70.3265	0425	0.1237	-0.9107
70.4929	0426	0.1342	-0.9072
70.6656	0427	0.1342	-0.9072
70.8270	0428	0.1342	-0.9072
71.0212	0429	0.1342	-0.9072
71.1731	0430	0.1342	-0.9072
71.3254	0431	0.1342	-0.9072
71.4915	0432	0.1276	-0.8999
71.6600	0433	0.1276	-0.8999
71.8268	0434	0.1276	-0.8999
71.9920	0435	0.1276	-0.8999
72.1654	0436	0.1276	-0.8999
72.3244	0437	0.1276	-0.8999
72.5048	0438	0.1294	-0.9366
72.6766	0439	0.1294	-0.9366
72.8246	0440	0.1294	-0.9366
72.9943	0441	0.1294	-0.9366
73.1618	0442	0.1294	-0.9366
73.3256	0443	0.1294	-0.9366
73.4916	0444	0.1338	-0.9295
73.6590	0445	0.1338	-0.9295
73.8353	0446	0.1338	-0.9295
74.0097	0447	0.1338	-0.9295
74.1589	0448	0.1338	-0.9295
74.3255	0449	0.1338	-0.9295
74.4920	0450	0.1280	-0.9252
74.6601	0451	0.1280	-0.9252
74.8287	0452	0.1280	-0.9252
74.9927	0453	0.1280	-0.9252
75.1603	0454	0.1280	-0.9252
75.3254	0455	0.1280	-0.9252
75.4923	0456	0.1136	-0.9193
75.6615	0457	0.1136	-0.9193
75.8432	0458	0.1136	-0.9193
76.0258	0459	0.1136	-0.9193
76.1824	0460	0.1136	-0.9193
76.3258	0461	0.1136	-0.9193
76.5108	0462	0.1116	-0.9254
76.6594	0463	0.1116	-0.9254
76.8495	0464	0.1116	-0.9254
77.0076	0465	0.1116	-0.9254
77.1610	0466	0.1116	-0.9254
77.3264	0467	0.1116	-0.9254
77.4923	0468	0.0970	-0.9216
77.6593	0469	0.0970	-0.9216
77.8299	0470	0.0970	-0.9216
77.9149	0471	0.0970	-0.9216
78.0799	0472	0.0970	-0.9216
78.2480	0473	0.0970	-0.9216
78.4150	0474	0.0931	-0.9295
78.6275	0475	0.0931	-0.9295
78.7414	0476	0.0931	-0.9295
78.9088	0477	0.0931	-0.9295
79.0731	0478	0.0931	-0.9295
79.2640	0479	0.0931	-0.9295
79.4534	0480	0.0861	-0.9279
79.5723	0481	0.0861	-0.9279
79.7365	0482	0.0861	-0.9279
79.9005	0483	0.0861	-0.9279
80.0688	0484	0.0861	-0.9279
80.2350	0485	0.0861	-0.9279
80.4004	0486	0.0861	-0.9279
80.5654	0487	0.0861	-0.9279
80.7325	0488	0.0861	-0.9279
80.9035	0489	0.0694	-0.9393
81.0665	0490	0.0694	-0.9393
81.2271	0491	0.0694	-0.9393
81.3951	0492	0.0694	-0.9393
81.5606	0493	0.0613	-0.9351
81.7686	0494	0.0613	-0.9351
81.8890	0495	0.0613	-0.9351
82.0835	0496	0.0613	-0.9351
82.2207	0497	0.0613	-0.9351
82.4201	0498	0.0604	-0.9320
82.5522	0499	0.0604	-0.9320
82.7169	0500	0.0604	-0.9320
82.8850	0501	0.0604	-0.9320
83.0487	0502	0.0604	-0.9320
83.2166	0503	0.0604	-0.9320
83.3794	0504	0.0604	-0.9320
83.5451	0505	0.0641	-0.9202
83.7100	0506	0.0641	-0.9202
83.8767	0507	0.0641	-0.9202
84.0828	0508	0.0641	-0.9202
84.2074	0509	0.0641	-0.9202
84.4206	0510	0.0675	-0.9279
84.5413	0511	0.0675	-0.9279
84.7039	0512	0.0675	-0.9279
84.9017	0513	0.0675	-0.9279
85.0386	0514	0.0675	-0.9279
85.2207	0515	0.0675	-0.9279
85.3677	0516	0.0675	-0.9279
85.5332	0517	0.0624	-0.9562
85.6989	0518	0.0624	-0.9562
85.8657	0519	0.0624	-0.9562
86.0297	0520	0.0624	-0.9562
86.1959	0521	0.0624	-0.9562
86.4122	0522	0.0684	-0.9544
86.5281	0523	0.0684	-0.9544
86.6928	0524	0.0684	-0.9544
86.8587	0525	0.0684	-0.9544
87.0231	0526	0.0684	-0.9544
87.1932	0527	0.0684	-0.9544
87.3934	0528	0.0684	-0.9544
87.5205	0529	0.2189	-0.9470
87.6882	0530	0.2189	-0.9470
87.8520	0531	0.2189	-0.9470
88.0659	0532	0.2189	-0.9470
88.1821	0533	0.2189	-0.9470
88.3479	0534	0.2189	-0.9470
88.5556	0535	0.5432	-0.9445
88.6812	0536	0.5432	-0.9445
88.8896	0537	0.5432	-0.9445
89.0107	0538	0.5432	-0.9445
89.2307	0539	0.5432	-0.9445
89.3418	0540	0.5432	-0.9445
89.5070	0541	0.4169	-0.9319
89.6736	0542	0.4169	-0.9319
89.8662	0543	0.4169	-0.9319
90.0542	0544	0.4169	-0.9319
90.1702	0545	0.4169	-0.9319
90.3396	0546	0.4169	-0.9319
90.5017	0547	0.0987	-0.9214
90.6667	0548	0.0987	-0.9214
90.8357	0549	0.0987	-0.9214
91.0533	0550	0.0987	-0.9214
91.1640	0551	0.0987	-0.9214
91.3337	0552	0.0987	-0.9214
91.4986	0553	0.0386	-0.9151
91.6643	0554	0.0386	-0.9151
91.8298	0555	0.0386	-0.9151
91.9968	0556	0.0386	-0.9151
92.1963	0557	0.0386	-0.9151
92.3309	0558	0.0386	-0.9151
92.4967	0559	0.0165	-0.9468
92.6647	0560	0.0165	-0.9468
92.8328	0561	0.0165	-0.9468
92.9997	0562	0.0165	-0.9468
93.1845	0563	0.0165	-0.9468
93.3304	0564	0.0165	-0.9468
93.4984	0565	0.0014	-0.9453
93.6649	0566	0.0014	-0.9453
93.8652	0567	0.0014	-0.9453
94.0062	0568	0.0014	-0.9453
94.1660	0569	0.0014	-0.9453
94.3309	0570	0.0014	-0.9453
94.4986	0571	0.0014	-0.9453
94.6686	0572	0.0014	-0.9453
94.8427	0573	0.0014	-0.9453
95.0336	0574	0.0014	-0.9453
95.1653	0575	0.0129	-0.9388
95.3321	0576	0.0129	-0.9388
95.4996	0577	0.0089	-0.9367
95.6648	0578	0.0089	-0.9367
95.8311	0579	0.0089	-0.9367
95.9983	0580	0.0089	-0.9367
96.1854	0581	0.0089	-0.9367
96.3330	0582	0.0089	-0.9367
96.4981	0583	0.0024	-0.9286
96.6678	0584	0.0024	-0.9286
96.8316	0585	0.0024	-0.9286
97.0031	0586	0.0024	-0.9286
97.1675	0587	0.0024	-0.9286
97.3320	0588	0.0024	-0.9286
97.4998	0589	0.0036	-0.9241
97.6651	0590	0.0036	-0.9241
97.8559	0591	0.0036	-0.9241
98.0005	0592	0.0036	-0.9241
98.1713	0593	0.0036	-0.9241
98.3319	0594	0.0036	-0.9241
98.5144	0595	0.0002	-0.9175
98.6679	0596	0.0002	-0.9175
98.8326	0597	0.0002	-0.9175
99.0052	0598	0.0002	-0.9175
99.1657	0599	0.0002	-0.9175
99.3435	0600	0.0002	-0.9175
99.4998	0601	0.0054	-0.9099
99.6682	0602	0.0054	-0.9099
99.8545	0603	0.0054	-0.9099
100.0002	0604	0.0054	-0.9099
100.1682	0605	0.0054	-0.9099
100.3453	0606	0.0054	-0.9099
100.4994	0607	0.0133	-0.9115
100.6663	0608	0.0133	-0.9115
100.8395	0609	0.0133	-0.9115
101.0046	0610	0.0133	-0.9115
101.1672	0611	0.0133	-0.9115
101.3338	0612	0.0133	-0.9115
101.5008	0613	0.0042	-0.9435
101.6678	0614	0.0042	-0.9435
101.8420	0615	0.0042	-0.9435
102.0007	0616	0.0042	-0.9435
102.1671	0617	0.0042	-0.9435
102.3391	0618	0.0042	-0.9435
102.5125	0619	0.0032	-0.9423
102.6673	0620	0.0032	-0.9423
102.8340	0621	0.0032	-0.9423
103.0015	0622	0.0032	-0.9423
103.0902	0623	0.0032	-0.9423
103.2761	0624	0.0032	-0.9423
103.4204	0625	0.0039	-0.9385
103.6310	0626	0.0039	-0.9385
103.7523	0627	0.0039	-0.9385
103.9186	0628	0.0039	-0.9385
104.0859	0629	0.0039	-0.9385
104.2834	0630	0.0039	-0.9385
104.4635	0631	0.0039	-0.9385
104.5798	0632	0.0023	-0.9345
104.7479	0633	0.0023	-0.9345
104.9132	0634	0.0023	-0.9345
105.0796	0635	0.0023	-0.9345
105.2437	0636	0.0023	-0.9345
105.4482	0637	0.0023	-0.9345
105.5742	0638	0.0023	-0.9345
105.7386	0639	0.0094	-0.9297
105.9037	0640	0.0094	-0.9297
106.0707	0641	0.0094	-0.9297
106.2417	0642	0.0094	-0.9297
106.4167	0643	0.0094	-0.9297
106.5968	0644	0.0170	-0.9249
106.7721	0645	0.0170	-0.9249
106.9231	0646	0.0170	-0.9249
107.0689	0647	0.0170	-0.9249
107.2592	0648	0.0170	-0.9249
107.4437	0649	0.0170	-0.9249
107.5606	0650	0.0194	-0.9209
107.7739	0651	0.0194	-0.9209
107.8947	0652	0.0194	-0.9209
108.0630	0653	0.0194	-0.9209
108.2809	0654	0.0194	-0.9209
108.3885	0655	0.0194	-0.9209
108.5993	0656	0.0280	-0.9206
108.7196	0657	0.0280	-0.9206
108.8865	0658	0.0280	-0.9206
109.0929	0659	0.0280	-0.9206
109.2174	0660	0.0280	-0.9206
109.3848	0661	0.0280	-0.9206
109.5483	0662	0.0368	-0.9316
109.7133	0663	0.0368	-0.9316
109.8800	0664	0.0368	-0.9316
110.0495	0665	0.0368	-0.9316
110.2611	0666	0.0368	-0.9316
110.3766	0667	0.0368	-0.9316
110.5416	0668	0.0368	-0.9316
110.7140	0669	0.0368	-0.9316
110.8899	0670	0.0368	-0.9316
111.0537	0671	0.0368	-0.9316
111.2048	0672	0.0368	-0.9316
