dt(cam)	frame	LO	AO
0.0000	0000	0.1436	0.0000
0.0217	0001	0.1436	0.0000
0.0391	0002	0.1436	0.0000
0.0394	0003	0.1436	0.0000
0.0396	0004	0.1436	0.0000
0.0561	0005	0.1436	0.0000
0.0588	0006	0.1436	0.0000
0.0656	0007	0.1436	0.0000
0.0920	0008	0.1436	0.0000
0.1013	0009	0.1436	0.0000
0.1028	0010	0.1436	0.0000
0.1271	0011	0.1436	1.0685
0.1307	0012	0.1436	1.0685
0.1312	0013	0.1436	1.0685
0.1324	0014	0.1436	1.0685
0.1334	0015	0.1436	1.0685
0.1340	0016	0.1436	1.0685
0.1349	0017	0.1436	1.0685
0.1368	0018	0.1436	1.0685
0.1393	0019	0.1436	1.0685
0.1418	0020	0.1436	1.0685
0.1466	0021	0.1436	1.0685
0.1534	0022	0.1436	1.0685
0.1543	0023	0.1436	1.0685
0.1556	0024	0.1436	1.0685
0.1575	0025	0.1436	1.0685
0.1591	0026	0.1436	1.0685
0.1809	0027	0.1436	1.0685
0.1820	0028	0.1436	1.0685
0.1830	0029	0.1436	1.0685
0.1839	0030	0.1436	1.0685
0.1847	0031	0.1436	1.0685
0.1876	0032	0.1436	1.0685
0.2140	0033	0.1436	1.0685
0.2322	0034	0.1436	1.0685
0.2347	0035	0.1436	1.0685
0.2368	0036	0.1436	1.0685
0.2472	0037	0.1436	1.0685
0.2483	0038	0.1436	1.0685
0.2513	0039	0.1436	1.0685
0.2524	0040	0.1436	1.0685
0.2535	0041	0.1436	1.0685
0.2616	0042	0.1436	1.0685
0.2618	0043	0.1436	1.0685
0.2669	0044	0.1436	1.0685
0.2675	0045	0.1436	1.0685
0.2698	0046	0.1436	1.0685
0.2710	0047	0.1436	1.0685
0.5182	0050	0.1464	1.0684
0.6703	0051	0.1464	1.0684
0.8400	0052	0.1464	1.0684
0.9954	0053	0.1464	1.0684
1.1658	0054	0.1464	1.0684
1.3339	0055	0.1464	1.0684
1.5169	0056	0.1464	1.0684
1.6621	0057	0.1444	1.0681
1.8286	0058	0.1444	1.0681
2.0199	0059	0.1444	1.0681
2.1613	0060	0.1444	1.0681
2.3519	0061	0.1444	1.0681
2.5230	0062	0.1497	1.0682
2.6603	0063	0.1497	1.0682
2.8274	0064	0.1497	1.0682
3.0065	0065	0.1497	1.0682
3.1610	0066	0.1497	1.0682
3.3471	0067	0.1497	1.0682
3.4941	0068	0.1497	1.0682
3.6800	0069	0.1506	1.0680
3.8377	0070	0.1506	1.0680
3.9939	0071	0.1506	1.0680
4.1607	0072	0.1506	1.0680
4.3277	0073	0.1506	1.0680
4.4950	0074	0.1506	1.0680
4.6651	0075	0.1507	1.0686
4.8269	0076	0.1507	1.0686
4.9937	0077	0.1507	1.0686
5.1603	0078	0.1507	1.0686
5.3280	0079	0.1507	1.0686
5.4961	0080	0.1507	1.0686
5.6603	0081	0.1551	1.0690
5.8273	0082	0.1551	1.0690
5.9940	0083	0.1551	1.0690
6.1618	0084	0.1551	1.0690
6.3274	0085	0.1551	1.0690
6.4968	0086	0.1551	1.0690
6.6607	0087	0.1539	1.0694
6.8280	0088	0.1539	1.0694
6.9973	0089	0.1539	1.0694
7.1607	0090	0.1539	1.0694
7.3283	0091	0.1539	1.0694
7.5017	0092	0.1539	1.0694
7.6612	0093	0.1520	1.0695
7.8516	0094	0.1520	1.0695
8.0132	0095	0.1520	1.0695
8.1607	0096	0.1520	1.0695
8.3282	0097	0.1520	1.0695
8.5153	0098	0.1520	1.0695
8.6635	0099	0.1520	1.0695
8.8305	0100	0.1520	1.0695
9.0093	0101	0.1521	1.0699
9.1608	0102	0.1521	1.0699
9.3509	0103	0.1521	1.0699
9.4971	0104	0.1521	1.0699
9.5860	0105	0.1540	1.0699
9.7555	0106	0.1540	1.0699
9.9233	0107	0.1540	1.0699
10.1024	0108	0.1540	1.0699
10.2916	0109	0.1540	1.0699
10.4100	0110	0.1540	1.0699
10.5757	0111	0.1599	1.0707
10.7437	0112	0.1599	1.0707
10.9487	0113	0.1599	1.0707
11.1166	0114	0.1599	1.0707
11.2381	0115	0.1599	1.0707
11.4041	0116	0.1599	1.0707
11.6105	0117	0.1632	1.0711
11.7394	0118	0.1632	1.0711
11.9527	0119	0.1632	1.0711
12.0670	0120	0.1632	1.0711
12.2342	0121	0.1632	1.0711
12.4001	0122	0.1632	1.0711
12.5773	0123	0.1494	1.0712
12.7296	0124	0.1494	1.0712
12.9026	0125	0.1494	1.0712
13.0590	0126	0.1494	1.0712
13.2418	0127	0.1494	1.0712
13.4340	0128	0.1494	1.0712
13.5563	0129	0.1509	1.0717
13.7228	0130	0.1509	1.0717
13.9472	0131	0.1509	1.0717
14.0525	0132	0.1509	1.0717
14.2196	0133	0.1509	1.0717
14.3956	0134	0.1509	1.0717
14.5549	0135	0.1555	1.0716
14.7218	0136	0.1555	1.0716
14.8841	0137	0.1555	1.0716
15.0469	0138	0.1555	1.0716
15.2137	0139	0.1555	1.0716
15.3816	0140	0.1555	1.0716
15.5670	0141	0.1542	1.0712
15.7174	0142	0.1542	1.0712
15.8818	0143	0.1542	1.0712
16.0848	0144	0.1542	1.0712
16.2054	0145	0.1542	1.0712
16.3718	0146	0.1542	1.0712
16.5407	0147	0.1603	1.0689
16.7175	0148	0.1603	1.0689
16.9159	0149	0.1603	1.0689
17.0803	0150	0.1603	1.0689
17.1987	0151	0.1603	1.0689
17.3653	0152	0.1603	1.0689
17.5310	0153	0.1595	1.0692
17.7216	0154	0.1595	1.0692
17.8630	0155	0.1595	1.0692
18.0300	0156	0.1595	1.0692
18.2310	0157	0.1595	1.0692
18.3596	0158	0.1595	1.0692
18.5552	0159	0.1615	1.0691
18.7329	0160	0.1615	1.0691
18.8554	0161	0.1615	1.0691
19.0274	0162	0.1615	1.0691
19.1854	0163	0.1615	1.0691
19.3568	0164	0.1615	1.0691
19.5200	0165	0.1529	1.0689
19.6909	0166	0.1529	1.0689
19.8530	0167	0.1529	1.0689
20.0211	0168	0.1529	1.0689
20.2262	0169	0.1529	1.0689
20.3508	0170	0.1529	1.0689
20.5134	0171	0.1581	1.0682
20.6765	0172	0.1581	1.0682
20.8452	0173	0.1581	1.0682
21.0088	0174	0.1581	1.0682
21.1729	0175	0.1581	1.0682
21.3431	0176	0.1581	1.0682
21.5079	0177	0.1628	1.0681
21.7198	0178	0.1628	1.0681
21.8741	0179	0.1628	1.0681
22.0022	0180	0.1628	1.0681
22.1697	0181	0.1628	1.0681
22.3362	0182	0.1628	1.0681
22.5013	0183	0.1628	1.0681
22.7143	0184	0.1628	1.0681
22.8287	0185	0.1628	1.0681
22.9991	0186	0.1664	1.0709
23.1624	0187	0.1664	1.0709
23.3299	0188	0.1664	1.0709
23.4965	0189	0.1664	1.0709
23.6618	0190	0.1676	1.0727
23.8295	0191	0.1676	1.0727
23.9955	0192	0.1676	1.0727
24.1696	0193	0.1676	1.0727
24.3286	0194	0.1676	1.0727
24.5037	0195	0.1665	1.0731
24.7120	0196	0.1665	1.0731
24.8557	0197	0.1665	1.0731
24.9951	0198	0.1665	1.0731
25.1623	0199	0.1665	1.0731
25.3286	0200	0.1665	1.0731
25.5258	0201	0.1646	1.0700
25.6630	0202	0.1646	1.0700
25.8284	0203	0.1646	1.0700
25.9951	0204	0.1646	1.0700
26.1619	0205	0.1646	1.0700
26.3292	0206	0.1646	1.0700
26.5232	0207	0.1400	1.1054
26.6617	0208	0.1400	1.1054
26.8298	0209	0.1400	1.1054
26.9960	0210	0.1400	1.1054
27.1635	0211	0.1400	1.1054
27.3369	0212	0.1400	1.1054
27.5060	0213	0.1356	1.1100
27.6618	0214	0.1356	1.1100
27.8300	0215	0.1356	1.1100
28.0129	0216	0.1356	1.1100
28.1797	0217	0.1356	1.1100
28.3303	0218	0.1356	1.1100
28.5113	0219	0.1094	1.1136
28.6624	0220	0.1094	1.1136
28.8291	0221	0.1094	1.1136
28.9955	0222	0.1094	1.1136
29.1634	0223	0.1094	1.1136
29.3297	0224	0.1094	1.1136
29.4965	0225	0.1094	1.1136
29.6675	0226	0.0950	1.1216
29.8298	0227	0.0950	1.1216
29.9964	0228	0.0950	1.1216
30.1677	0229	0.0950	1.1216
30.3301	0230	0.0950	1.1216
30.5154	0231	0.0950	1.1216
30.6730	0232	0.0740	1.1189
30.8319	0233	0.0740	1.1189
30.9962	0234	0.0740	1.1189
31.1755	0235	0.0740	1.1189
31.3515	0236	0.0740	1.1189
31.5219	0237	0.0740	1.1189
31.6629	0238	0.0821	1.1024
31.8450	0239	0.0821	1.1024
32.0168	0240	0.0821	1.1024
32.1622	0241	0.0821	1.1024
32.3289	0242	0.0821	1.1024
32.5020	0243	0.0821	1.1024
32.6826	0244	0.0900	1.0774
32.8389	0245	0.0900	1.0774
32.9963	0246	0.0900	1.0774
33.1621	0247	0.0900	1.0774
33.3289	0248	0.0900	1.0774
33.4981	0249	0.0900	1.0774
33.6666	0250	0.0864	1.0783
33.8312	0251	0.0864	1.0783
33.9955	0252	0.0864	1.0783
34.1647	0253	0.0864	1.0783
34.3299	0254	0.0864	1.0783
34.4998	0255	0.0864	1.0783
34.6635	0256	0.0912	1.0776
34.7503	0257	0.0912	1.0776
34.9291	0258	0.0912	1.0776
35.0874	0259	0.0912	1.0776
35.2471	0260	0.0912	1.0776
35.4129	0261	0.0912	1.0776
35.5791	0262	0.0965	1.0783
35.7475	0263	0.0965	1.0783
35.9146	0264	0.0965	1.0783
36.1205	0265	0.0965	1.0783
36.2407	0266	0.0965	1.0783
36.4068	0267	0.0965	1.0783
36.5862	0268	0.1041	1.0787
36.7403	0269	0.1041	1.0787
36.9045	0270	0.1041	1.0787
37.0706	0271	0.1041	1.0787
37.2710	0272	0.1041	1.0787
37.4392	0273	0.1041	1.0787
37.5661	0274	0.1122	1.0815
37.7724	0275	0.1122	1.0815
37.8982	0276	0.1122	1.0815
38.0636	0277	0.1122	1.0815
38.2281	0278	0.1122	1.0815
38.3943	0279	0.1122	1.0815
38.5811	0280	0.1047	1.0795
38.7273	0281	0.1047	1.0795
38.8908	0282	0.1047	1.0795
39.1083	0283	0.1047	1.0795
39.2238	0284	0.0773	1.0792
39.3896	0285	0.0773	1.0792
39.5547	0286	0.0773	1.0792
39.7720	0287	0.0773	1.0792
39.9284	0288	0.0773	1.0792
40.0964	0289	0.0773	1.0792
40.2159	0290	0.0773	1.0792
40.3806	0291	0.0773	1.0792
40.5800	0292	0.0593	1.0813
40.7178	0293	0.0593	1.0813
40.8964	0294	0.0593	1.0813
41.0435	0295	0.0593	1.0813
41.2107	0296	0.0593	1.0813
41.3758	0297	0.0593	1.0813
41.5438	0298	0.0430	1.0767
41.7515	0299	0.0430	1.0767
41.8712	0300	0.0430	1.0767
42.0598	0301	0.0430	1.0767
42.2040	0302	0.0430	1.0767
42.3793	0303	0.0430	1.0767
42.5496	0304	0.0198	1.0631
42.7454	0305	0.0198	1.0631
42.8661	0306	0.0198	1.0631
43.0691	0307	0.0198	1.0631
43.2012	0308	0.0198	1.0631
43.3936	0309	0.0198	1.0631
43.5287	0310	0.0065	1.0658
43.7248	0311	0.0065	1.0658
43.9093	0312	0.0065	1.0658
44.0244	0313	0.0065	1.0658
44.1897	0314	0.0065	1.0658
44.3575	0315	0.0065	1.0658
44.5226	0316	0.0148	1.0694
44.7260	0317	0.0148	1.0694
44.8523	0318	0.0148	1.0694
45.0180	0319	0.0148	1.0694
45.1857	0320	0.0148	1.0694
45.3509	0321	0.0148	1.0694
45.5189	0322	0.0201	1.0676
45.6922	0323	0.0201	1.0676
45.8766	0324	0.0201	1.0676
46.0119	0325	0.0201	1.0676
46.1769	0326	0.0201	1.0676
46.3446	0327	0.0201	1.0676
46.5129	0328	0.0234	1.0660
46.7105	0329	0.0234	1.0660
46.8685	0330	0.0234	1.0660
47.0059	0331	0.0234	1.0660
47.1699	0332	0.0234	1.0660
47.3412	0333	0.0234	1.0660
47.5021	0334	0.0350	1.0662
47.6711	0335	0.0350	1.0662
47.8322	0336	0.0350	1.0662
47.9984	0337	0.0350	1.0662
48.1647	0338	0.0350	1.0662
48.3304	0339	0.0350	1.0662
48.5316	0340	0.0314	1.0658
48.6651	0341	0.0314	1.0658
48.8455	0342	0.0314	1.0658
48.9965	0343	0.0314	1.0658
49.1638	0344	0.0314	1.0658
49.3323	0345	0.0314	1.0658
49.5377	0346	0.0370	1.0643
49.7083	0347	0.0370	1.0643
49.8575	0348	0.0370	1.0643
49.9968	0349	0.0370	1.0643
50.1642	0350	0.0370	1.0643
50.3321	0351	0.0370	1.0643
50.4977	0352	0.0427	1.0629
50.7058	0353	0.0427	1.0629
50.8302	0354	0.0427	1.0629
50.9969	0355	0.0427	1.0629
51.1635	0356	0.0427	1.0629
51.3310	0357	0.0427	1.0629
51.4985	0358	0.0199	1.0408
51.6823	0359	0.0199	1.0408
51.8561	0360	0.0199	1.0408
51.9967	0361	0.0199	1.0408
52.1647	0362	0.0199	1.0408
52.3314	0363	0.0199	1.0408
52.5218	0364	0.0012	1.0220
52.6663	0365	0.0012	1.0220
52.8302	0366	0.0012	1.0220
53.0175	0367	0.0012	1.0220
53.1640	0368	0.0012	1.0220
53.3321	0369	0.0012	1.0220
53.4985	0370	0.0044	1.0045
53.6717	0371	0.0044	1.0045
53.8414	0372	0.0044	1.0045
53.9982	0373	0.0044	1.0045
54.1646	0374	0.0044	1.0045
54.3309	0375	0.0044	1.0045
54.5181	0376	0.0077	1.0115
54.6640	0377	0.0077	1.0115
54.8419	0378	0.0077	1.0115
55.0001	0379	0.0077	1.0115
55.1715	0380	0.0077	1.0115
55.3317	0381	0.1919	1.0122
55.4996	0382	0.1919	1.0122
55.6663	0383	0.1919	1.0122
55.8334	0384	0.1919	1.0122
55.9972	0385	0.1919	1.0122
56.1639	0386	0.1919	1.0122
56.3308	0387	0.1919	1.0122
56.5198	0388	0.4825	0.9758
56.6909	0389	0.4825	0.9758
56.8467	0390	0.4825	0.9758
56.9997	0391	0.4825	0.9758
57.1637	0392	0.4825	0.9758
57.3336	0393	0.4825	0.9758
57.5253	0394	-0.1241	0.9764
57.6640	0395	-0.1241	0.9764
57.8310	0396	-0.1241	0.9764
58.0191	0397	-0.1241	0.9764
58.1640	0398	-0.1241	0.9764
58.3393	0399	-0.1241	0.9764
58.4984	0400	-0.1241	0.9764
58.6649	0401	0.0178	0.9614
58.8478	0402	0.0178	0.9614
58.9974	0403	0.0178	0.9614
59.1671	0404	0.0178	0.9614
59.3316	0405	0.0178	0.9614
59.5168	0406	-0.0335	0.9347
59.6807	0407	-0.0335	0.9347
59.8306	0408	-0.0335	0.9347
60.0112	0409	-0.0335	0.9347
60.0935	0410	-0.0335	0.9347
60.3046	0411	-0.0335	0.9347
60.4169	0412	-0.0335	0.9347
60.6148	0413	-0.0389	0.9450
60.7490	0414	-0.0389	0.9450
60.9184	0415	-0.0389	0.9450
61.0821	0416	-0.0389	0.9450
61.2877	0417	-0.0389	0.9450
61.4163	0418	-0.0389	0.9450
61.5790	0419	0.0323	0.9593
61.7479	0420	0.0323	0.9593
61.9133	0421	0.0323	0.9593
62.0724	0422	0.0323	0.9593
62.2541	0423	0.0323	0.9593
62.4072	0424	0.0323	0.9593
62.5847	0425	0.0314	0.9494
62.7353	0426	0.0314	0.9494
62.9438	0427	0.0314	0.9494
63.0662	0428	0.0314	0.9494
63.2370	0429	0.0314	0.9494
63.3980	0430	0.0314	0.9494
63.5800	0431	0.0145	0.9498
63.7300	0432	0.0145	0.9498
63.9058	0433	0.0145	0.9498
64.0614	0434	0.0145	0.9498
64.2291	0435	0.0145	0.9498
64.3927	0436	0.0145	0.9498
64.5626	0437	0.0047	0.9507
64.7373	0438	0.0047	0.9507
64.8971	0439	0.0047	0.9507
65.0973	0440	0.0047	0.9507
65.2223	0441	0.0047	0.9507
65.3961	0442	0.0047	0.9507
65.5529	0443	0.0125	0.9528
65.7662	0444	0.0125	0.9528
65.8810	0445	0.0125	0.9528
66.0874	0446	0.0125	0.9528
66.2120	0447	0.0125	0.9528
66.3777	0448	0.0125	0.9528
66.5481	0449	0.0145	0.9231
66.7217	0450	0.0145	0.9231
66.8779	0451	0.0145	0.9231
67.0412	0452	0.0145	0.9231
67.2056	0453	0.0145	0.9231
67.3715	0454	0.0145	0.9231
67.5395	0455	0.0214	0.9290
67.7057	0456	0.0214	0.9290
67.8719	0457	0.0214	0.9290
68.0338	0458	0.0214	0.9290
68.1987	0459	0.0214	0.9290
68.3656	0460	0.0214	0.9290
68.5316	0461	0.0165	0.9334
68.6992	0462	0.0165	0.9334
68.8625	0463	0.0165	0.9334
69.0270	0464	0.0165	0.9334
69.1945	0465	0.0165	0.9334
69.3589	0466	0.0165	0.9334
69.5694	0467	0.0388	0.9152
69.7319	0468	0.0388	0.9152
69.8573	0469	0.0388	0.9152
70.0408	0470	0.0388	0.9152
70.1862	0471	0.0388	0.9152
70.3543	0472	0.0388	0.9152
70.5335	0473	0.0418	0.9179
70.6839	0474	0.0418	0.9179
70.8778	0475	0.0418	0.9179
71.0140	0476	0.0418	0.9179
71.1985	0477	0.0418	0.9179
71.3454	0478	0.0418	0.9179
71.5132	0479	0.0418	0.9179
71.6799	0480	0.0363	0.9189
71.8900	0481	0.0363	0.9189
72.0087	0482	0.0363	0.9189
72.1726	0483	0.0363	0.9189
72.3398	0484	0.0363	0.9189
72.5237	0485	0.0241	0.9191
72.7259	0486	0.0241	0.9191
72.8368	0487	0.0241	0.9191
73.0057	0488	0.0241	0.9191
73.1708	0489	0.0241	0.9191
73.3428	0490	0.0241	0.9191
73.5368	0491	0.0264	0.9052
73.6651	0492	0.0264	0.9052
73.8783	0493	0.0264	0.9052
74.0267	0494	0.0264	0.9052
74.1653	0495	0.0264	0.9052
74.3327	0496	0.0264	0.9052
74.4997	0497	0.0264	0.9052
74.6689	0498	0.0173	0.9089
74.8321	0499	0.0173	0.9089
74.9982	0500	0.0173	0.9089
75.1651	0501	0.0173	0.9089
75.3348	0502	0.0173	0.9089
75.5034	0503	0.0029	0.9093
75.6661	0504	0.0029	0.9093
75.8328	0505	0.0029	0.9093
75.9984	0506	0.0029	0.9093
76.1677	0507	0.0029	0.9093
76.3340	0508	0.0029	0.9093
76.5276	0509	0.0105	0.9144
76.6653	0510	0.0105	0.9144
76.8332	0511	0.0105	0.9144
76.9997	0512	0.0105	0.9144
77.1664	0513	0.0105	0.9144
77.3344	0514	0.0105	0.9144
77.4996	0515	0.0163	0.9167
77.6658	0516	0.0163	0.9167
77.8333	0517	0.0163	0.9167
78.0009	0518	0.0163	0.9167
78.1658	0519	0.0163	0.9167
78.3350	0520	0.0163	0.9167
78.5231	0521	0.0365	0.9146
78.6653	0522	0.0365	0.9146
78.8411	0523	0.0365	0.9146
78.9988	0524	0.0365	0.9146
79.1686	0525	0.0365	0.9146
79.3550	0526	0.0365	0.9146
79.5194	0527	0.0582	0.9109
79.6658	0528	0.0582	0.9109
79.8472	0529	0.0582	0.9109
80.0113	0530	0.0582	0.9109
80.1663	0531	0.0582	0.9109
80.3617	0532	0.0582	0.9109
80.5000	0533	0.0582	0.9109
80.6700	0534	0.0777	0.9139
80.8339	0535	0.0777	0.9139
81.0012	0536	0.0777	0.9139
81.1659	0537	0.0777	0.9139
81.3370	0538	0.0777	0.9139
81.5017	0539	0.0777	0.9139
81.6698	0540	0.0818	0.9069
81.8336	0541	0.0818	0.9069
81.9990	0542	0.0818	0.9069
82.1683	0543	0.0818	0.9069
82.3342	0544	0.0818	0.9069
82.5014	0545	0.0561	0.9006
82.6710	0546	0.0561	0.9006
82.8340	0547	0.0561	0.9006
82.9992	0548	0.0561	0.9006
83.1663	0549	0.0561	0.9006
83.3343	0550	0.0561	0.9006
83.5015	0551	0.0219	0.8826
83.6802	0552	0.0219	0.8826
83.8327	0553	0.0219	0.8826
84.0121	0554	0.0219	0.8826
84.1678	0555	0.0219	0.8826
84.3328	0556	0.0219	0.8826
84.5004	0557	0.0219	0.8826
84.6662	0558	0.0076	0.8864
84.8369	0559	0.0076	0.8864
85.0016	0560	0.0076	0.8864
85.1659	0561	0.0076	0.8864
85.3338	0562	0.0076	0.8864
85.4210	0563	0.0076	0.8864
85.5852	0564	0.0086	0.8867
85.7531	0565	0.0086	0.8867
85.9225	0566	0.0086	0.8867
86.0876	0567	0.0086	0.8867
86.2796	0568	0.0086	0.8867
86.4145	0569	0.0086	0.8867
86.5789	0570	0.0198	0.8903
86.7463	0571	0.0198	0.8903
86.9195	0572	0.0198	0.8903
87.0838	0573	0.0198	0.8903
87.2799	0574	0.0198	0.8903
87.4512	0575	0.0198	0.8903
87.5753	0576	0.0198	0.8903
87.7448	0577	0.0198	0.8903
87.9658	0578	0.0317	0.8902
88.0706	0579	0.0317	0.8902
88.2656	0580	0.0317	0.8902
88.4013	0581	0.0317	0.8902
88.5666	0582	0.3560	0.8862
88.7327	0583	0.3560	0.8862
88.9036	0584	0.3560	0.8862
89.0645	0585	0.3560	0.8862
89.2290	0586	0.3560	0.8862
89.3944	0587	0.3560	0.8862
89.5607	0588	0.4374	0.8802
89.7267	0589	0.4374	0.8802
89.8973	0590	0.4374	0.8802
90.0813	0591	0.4374	0.8802
90.2237	0592	0.4374	0.8802
90.3882	0593	0.4374	0.8802
90.5558	0594	0.0214	0.8782
90.7245	0595	0.0214	0.8782
90.9365	0596	0.0214	0.8782
91.0521	0597	0.0214	0.8782
91.2176	0598	0.0214	0.8782
91.3887	0599	0.0214	0.8782
91.5466	0600	0.0059	0.8748
91.7248	0601	0.0059	0.8748
91.8815	0602	0.0059	0.8748
92.0802	0603	0.0059	0.8748
92.2107	0604	0.0059	0.8748
92.3757	0605	0.0059	0.8748
92.5422	0606	0.0102	0.8661
92.7078	0607	0.0102	0.8661
92.8719	0608	0.0102	0.8661
93.0377	0609	0.0102	0.8661
93.2032	0610	0.0102	0.8661
93.3804	0611	0.0102	0.8661
93.5371	0612	0.0064	0.8666
93.7006	0613	0.0064	0.8666
93.9109	0614	0.0064	0.8666
94.0406	0615	0.0064	0.8666
94.1977	0616	0.0064	0.8666
94.3698	0617	0.0064	0.8666
94.5305	0618	0.0019	0.8675
94.6934	0619	0.0019	0.8675
94.8592	0620	0.0019	0.8675
95.0269	0621	0.0019	0.8675
95.1905	0622	0.0019	0.8675
95.3556	0623	0.0019	0.8675
95.5317	0624	0.0084	0.8653
95.7319	0625	0.0084	0.8653
95.8525	0626	0.0084	0.8653
96.0232	0627	0.0084	0.8653
96.1906	0628	0.0084	0.8653
96.3503	0629	0.0084	0.8653
96.5616	0630	0.0449	0.8632
96.6812	0631	0.0449	0.8632
96.8553	0632	0.0449	0.8632
97.0487	0633	0.0449	0.8632
97.1766	0634	0.0449	0.8632
97.3470	0635	0.0449	0.8632
97.5138	0636	0.0207	0.8396
97.6830	0637	0.0207	0.8396
97.8391	0638	0.0207	0.8396
98.0510	0639	0.0207	0.8396
98.1721	0640	0.0207	0.8396
98.3386	0641	0.0207	0.8396
98.5091	0642	0.0142	0.8497
98.7208	0643	0.0142	0.8497
98.8347	0644	0.0142	0.8497
99.0451	0645	0.0142	0.8497
99.1702	0646	0.0142	0.8497
99.3750	0647	0.0142	0.8497
99.5547	0648	0.0421	0.8574
99.6680	0649	0.0421	0.8574
99.8662	0650	0.0421	0.8574
100.0027	0651	0.0421	0.8574
100.1687	0652	0.0421	0.8574
100.3687	0653	0.0421	0.8574
100.5009	0654	0.0481	0.8312
100.6690	0655	0.0481	0.8312
100.8348	0656	0.0481	0.8312
101.0048	0657	0.0481	0.8312
101.1680	0658	0.0481	0.8312
101.3361	0659	0.0481	0.8312
101.5345	0660	0.0501	0.8349
101.6671	0661	0.0501	0.8349
101.8366	0662	0.0501	0.8349
102.0028	0663	0.0501	0.8349
102.1674	0664	0.0501	0.8349
102.3383	0665	0.0501	0.8349
102.5042	0666	0.0444	0.8425
102.6711	0667	0.0444	0.8425
102.8509	0668	0.0444	0.8425
103.0009	0669	0.0444	0.8425
103.1681	0670	0.0444	0.8425
103.3606	0671	0.0444	0.8425
103.5317	0672	0.0444	0.8425
103.6684	0673	0.0444	0.8425
103.8364	0674	0.0444	0.8425
104.0008	0675	0.0391	0.8494
104.1725	0676	0.0391	0.8494
104.3342	0677	0.0391	0.8494
104.5041	0678	0.0282	0.8517
104.6709	0679	0.0282	0.8517
104.8341	0680	0.0282	0.8517
105.0007	0681	0.0282	0.8517
105.1681	0682	0.0282	0.8517
105.3364	0683	0.0282	0.8517
105.5037	0684	0.0097	0.8376
105.6675	0685	0.0097	0.8376
105.8535	0686	0.0097	0.8376
106.0008	0687	0.0097	0.8376
106.1685	0688	0.0097	0.8376
106.3515	0689	0.0097	0.8376
106.5023	0690	0.0163	0.8333
106.6681	0691	0.0163	0.8333
106.8360	0692	0.0163	0.8333
107.0167	0693	0.0163	0.8333
107.1698	0694	0.0163	0.8333
107.3403	0695	0.0163	0.8333
107.5152	0696	0.0363	0.8030
107.6696	0697	0.0363	0.8030
107.8358	0698	0.0363	0.8030
108.0049	0699	0.0363	0.8030
108.1680	0700	0.0363	0.8030
108.3346	0701	0.0363	0.8030
108.5088	0702	0.0147	0.8141
108.6841	0703	0.0147	0.8141
108.8354	0704	0.0147	0.8141
109.0038	0705	0.0147	0.8141
109.1687	0706	0.0147	0.8141
109.3429	0707	0.0147	0.8141
109.5042	0708	0.0147	0.8141
109.6684	0709	0.0022	0.8221
109.8570	0710	0.0022	0.8221
110.0045	0711	0.0022	0.8221
110.1696	0712	0.0022	0.8221
110.3351	0713	0.0022	0.8221
110.5033	0714	0.0022	0.8221
110.5890	0715	0.0186	0.8232
110.7860	0716	0.0186	0.8232
110.9286	0717	0.0186	0.8232
111.0939	0718	0.0186	0.8232
111.2543	0719	0.0186	0.8232
111.4611	0720	0.0186	0.8232
111.5828	0721	0.0218	0.8226
111.7569	0722	0.0218	0.8226
111.9676	0723	0.0218	0.8226
112.0839	0724	0.0218	0.8226
112.2878	0725	0.0218	0.8226
112.4106	0726	0.0218	0.8226
112.5800	0727	0.0064	0.8202
112.7434	0728	0.0064	0.8202
112.9275	0729	0.0064	0.8202
113.1241	0730	0.0064	0.8202
113.2388	0731	0.0064	0.8202
113.4071	0732	0.0064	0.8202
113.5706	0733	0.0078	0.8131
113.7395	0734	0.0078	0.8131
113.9345	0735	0.0078	0.8131
114.0669	0736	0.0078	0.8131
114.2332	0737	0.0078	0.8131
114.4239	0738	0.0078	0.8131
114.5665	0739	0.0143	0.8135
114.7315	0740	0.0143	0.8135
114.8965	0741	0.0143	0.8135
115.0602	0742	0.0143	0.8135
115.2251	0743	0.0143	0.8135
115.3919	0744	0.0143	0.8135
115.5581	0745	0.0246	0.8107
115.7294	0746	0.0246	0.8107
115.9382	0747	0.0246	0.8107
116.0536	0748	0.0246	0.8107
116.2203	0749	0.0246	0.8107
116.4078	0750	0.0246	0.8107
116.5506	0751	0.0312	0.8109
116.7367	0752	0.0312	0.8109
116.8834	0753	0.0312	0.8109
117.0532	0754	0.0312	0.8109
117.2131	0755	0.0312	0.8109
117.3783	0756	0.0312	0.8109
117.5483	0757	0.0366	0.7957
117.7223	0758	0.0366	0.7957
117.8861	0759	0.0366	0.7957
118.0442	0760	0.0366	0.7957
118.2186	0761	0.0366	0.7957
118.3906	0762	0.0366	0.7957
118.5371	0763	0.0353	0.7821
118.7078	0764	0.0353	0.7821
118.8744	0765	0.0353	0.7821
119.0345	0766	0.0353	0.7821
119.1995	0767	0.0353	0.7821
119.3672	0768	0.0353	0.7821
119.5324	0769	0.1180	0.7885
119.6971	0770	0.1180	0.7885
119.8661	0771	0.1180	0.7885
120.0281	0772	0.1180	0.7885
120.2190	0773	0.5713	0.7916
120.3592	0774	0.5713	0.7916
120.5279	0775	0.5713	0.7916
120.6967	0776	0.5713	0.7916
120.9046	0777	0.5713	0.7916
121.0219	0778	0.5713	0.7916
121.1877	0779	0.5713	0.7916
121.3532	0780	0.5713	0.7916
121.5199	0781	0.2896	0.8080
121.6976	0782	0.2896	0.8080
121.8501	0783	0.2896	0.8080
122.0161	0784	0.2896	0.8080
122.1810	0785	0.2896	0.8080
122.3473	0786	0.2896	0.8080
122.5665	0787	0.1173	0.8099
122.6774	0788	0.1173	0.8099
122.8518	0789	0.1173	0.8099
123.0097	0790	0.1173	0.8099
123.2007	0791	0.1173	0.8099
123.3803	0792	0.1173	0.8099
123.5073	0793	0.0945	0.8111
123.6808	0794	0.0945	0.8111
123.8909	0795	0.0945	0.8111
124.0061	0796	0.0945	0.8111
124.1691	0797	0.0945	0.8111
124.3374	0798	0.0945	0.8111
124.5381	0799	0.0788	0.8015
124.7101	0800	0.0788	0.8015
124.8374	0801	0.0788	0.8015
125.0032	0802	0.0788	0.8015
125.1945	0803	0.0788	0.8015
125.3362	0804	0.0788	0.8015
125.5095	0805	0.0788	0.8015
125.7006	0806	0.0432	0.7948
125.8564	0807	0.0432	0.7948
126.0046	0808	0.0432	0.7948
126.1690	0809	0.0432	0.7948
126.3358	0810	0.0432	0.7948
126.5033	0811	0.0432	0.7948
126.7013	0812	0.0422	0.7928
126.8534	0813	0.0422	0.7928
127.0023	0814	0.0422	0.7928
127.1759	0815	0.0422	0.7928
127.3413	0816	0.0422	0.7928
127.5117	0817	0.0422	0.7928
127.6932	0818	0.0266	0.7937
127.8542	0819	0.0266	0.7937
128.0026	0820	0.0266	0.7937
128.1731	0821	0.0266	0.7937
128.3487	0822	0.0266	0.7937
128.5255	0823	0.0266	0.7937
128.6912	0824	0.0195	0.7912
128.8562	0825	0.0195	0.7912
129.0038	0826	0.0195	0.7912
129.1727	0827	0.0195	0.7912
129.3501	0828	0.0195	0.7912
129.5172	0829	0.0195	0.7912
129.6693	0830	0.0487	0.7919
129.8378	0831	0.0487	0.7919
130.0045	0832	0.0487	0.7919
130.1749	0833	0.0487	0.7919
130.3364	0834	0.0487	0.7919
130.5222	0835	0.0708	0.7963
130.6702	0836	0.0708	0.7963
130.8531	0837	0.0708	0.7963
131.0030	0838	0.0708	0.7963
131.1725	0839	0.0708	0.7963
131.3385	0840	0.0708	0.7963
131.5032	0841	0.0708	0.7963
131.6763	0842	0.0705	0.7769
131.8456	0843	0.0705	0.7769
132.0070	0844	0.0705	0.7769
132.1714	0845	0.0705	0.7769
132.3376	0846	0.0705	0.7769
132.5040	0847	0.0705	0.7769
132.6753	0848	0.0675	0.7809
132.8385	0849	0.0675	0.7809
133.0035	0850	0.0675	0.7809
133.1863	0851	0.0675	0.7809
133.3373	0852	0.0675	0.7809
133.5259	0853	0.0630	0.7811
133.6928	0854	0.0630	0.7811
133.8366	0855	0.0630	0.7811
134.0048	0856	0.0630	0.7811
134.1722	0857	0.0630	0.7811
134.3556	0858	0.0630	0.7811
134.5047	0859	0.0630	0.7811
134.6858	0860	0.0821	0.7783
134.8373	0861	0.0821	0.7783
135.0045	0862	0.0821	0.7783
135.1712	0863	0.0821	0.7783
135.3371	0864	0.0821	0.7783
135.5051	0865	0.0990	0.7813
135.6703	0866	0.0990	0.7813
135.8572	0867	0.0990	0.7813
135.9471	0868	0.0990	0.7813
136.1549	0869	0.0990	0.7813
136.2562	0870	0.0990	0.7813
136.4689	0871	0.1052	0.7784
136.5865	0872	0.1052	0.7784
136.7558	0873	0.1052	0.7784
136.9678	0874	0.1052	0.7784
137.0833	0875	0.1052	0.7784
137.2526	0876	0.1052	0.7784
137.4194	0877	0.1052	0.7784
137.5800	0878	0.0933	0.7734
137.7454	0879	0.0933	0.7734
137.9223	0880	0.0933	0.7734
138.1062	0881	0.0933	0.7734
138.2433	0882	0.0933	0.7734
138.4097	0883	0.0933	0.7734
138.5827	0884	0.0673	0.7654
138.7393	0885	0.0673	0.7654
138.9119	0886	0.0673	0.7654
139.1245	0887	0.0673	0.7654
139.2384	0888	0.0673	0.7654
139.4031	0889	0.0673	0.7654
139.5725	0890	0.0234	0.7380
139.7419	0891	0.0234	0.7380
139.9009	0892	0.0234	0.7380
140.1098	0893	0.0234	0.7380
140.2729	0894	0.0234	0.7380
140.3948	0895	0.0234	0.7380
140.5855	0896	0.0181	0.7261
140.7389	0897	0.0181	0.7261
140.9391	0898	0.0181	0.7261
141.0593	0899	0.0181	0.7261
141.2278	0900	0.0181	0.7261
141.3916	0901	0.0181	0.7261
141.5588	0902	0.0208	0.7172
141.7700	0903	0.0208	0.7172
141.9154	0904	0.0208	0.7172
142.0511	0905	0.0208	0.7172
142.2236	0906	0.0208	0.7172
142.3846	0907	0.0208	0.7172
142.5521	0908	0.0290	0.7268
142.7287	0909	0.0290	0.7268
142.9163	0910	0.0290	0.7268
143.0613	0911	0.0290	0.7268
143.2535	0912	0.0290	0.7268
143.3758	0913	0.0290	0.7268
143.5457	0914	0.0163	0.7326
143.7097	0915	0.0163	0.7326
143.8947	0916	0.0163	0.7326
144.0749	0917	0.0163	0.7326
144.2054	0918	0.0163	0.7326
144.4173	0919	0.0163	0.7326
144.5359	0920	0.0195	0.7414
144.7038	0921	0.0195	0.7414
144.8686	0922	0.0195	0.7414
145.0679	0923	0.0195	0.7414
145.1969	0924	0.0195	0.7414
145.3730	0925	0.0195	0.7414
145.5904	0926	0.0195	0.7470
145.6942	0927	0.0195	0.7470
145.8622	0928	0.0195	0.7470
146.0579	0929	0.0195	0.7470
146.1925	0930	0.0195	0.7470
146.3564	0931	0.0195	0.7470
146.5261	0932	0.0183	0.7555
146.7291	0933	0.0183	0.7555
146.8536	0934	0.0183	0.7555
147.0194	0935	0.0183	0.7555
147.1847	0936	0.0183	0.7555
147.3552	0937	0.0183	0.7555
147.5280	0938	0.0425	0.7630
147.6836	0939	0.0425	0.7630
147.8551	0940	0.0425	0.7630
148.0139	0941	0.0425	0.7630
148.1779	0942	0.0425	0.7630
148.3447	0943	0.0425	0.7630
148.5368	0944	0.5048	0.7354
148.6747	0945	0.5048	0.7354
148.8443	0946	0.5048	0.7354
149.0357	0947	0.5048	0.7354
149.1728	0948	0.5048	0.7354
149.3428	0949	0.5048	0.7354
149.5132	0950	0.3236	0.7593
149.7113	0951	0.3236	0.7593
149.8393	0952	0.3236	0.7593
150.0068	0953	0.3236	0.7593
150.1733	0954	0.3236	0.7593
150.3689	0955	0.3236	0.7593
150.5061	0956	0.3236	0.7593
150.7196	0957	0.0705	0.7523
150.8387	0958	0.0705	0.7523
151.0064	0959	0.0705	0.7523
151.1714	0960	0.0705	0.7523
151.3380	0961	0.0705	0.7523
151.5375	0962	0.0705	0.7523
151.6951	0963	0.0705	0.7523
151.8382	0964	-0.0477	0.7334
152.0063	0965	-0.0477	0.7334
152.1723	0966	-0.0477	0.7334
152.3384	0967	-0.0477	0.7334
152.5070	0968	-0.0477	0.7334
152.6799	0969	-0.0352	0.7147
152.8531	0970	-0.0352	0.7147
153.0069	0971	-0.0352	0.7147
153.1719	0972	-0.0352	0.7147
153.3384	0973	-0.0352	0.7147
153.5055	0974	-0.0352	0.7147
153.6909	0975	-0.0323	0.7245
153.8632	0976	-0.0323	0.7245
154.0047	0977	-0.0323	0.7245
154.1735	0978	-0.0323	0.7245
154.3385	0979	-0.0323	0.7245
154.5302	0980	-0.0328	0.7335
154.6715	0981	-0.0328	0.7335
154.8566	0982	-0.0328	0.7335
155.0066	0983	-0.0328	0.7335
155.1720	0984	-0.0328	0.7335
155.3571	0985	-0.0328	0.7335
155.5055	0986	-0.0328	0.7335
155.6736	0987	-0.0339	0.7418
155.8430	0988	-0.0339	0.7418
156.0053	0989	-0.0339	0.7418
156.1743	0990	-0.0339	0.7418
156.3396	0991	-0.0339	0.7418
156.5064	0992	-0.0339	0.7418
156.6744	0993	-0.0244	0.7422
156.8389	0994	-0.0244	0.7422
157.0051	0995	-0.0244	0.7422
157.1727	0996	-0.0244	0.7422
157.3389	0997	-0.0244	0.7422
157.5086	0998	-0.0244	0.7422
157.6726	0999	0.0228	0.7471
157.8388	1000	0.0228	0.7471
158.0050	1001	0.0228	0.7471
158.1725	1002	0.0228	0.7471
158.3389	1003	0.0228	0.7471
158.5063	1004	0.0228	0.7471
158.6793	1005	-0.0013	0.7400
158.8395	1006	-0.0013	0.7400
159.0224	1007	-0.0013	0.7400
159.1895	1008	-0.0013	0.7400
159.3605	1009	-0.0013	0.7400
159.5058	1010	-0.0013	0.7400
159.6891	1011	-0.0181	0.7304
159.8408	1012	-0.0181	0.7304
160.0054	1013	-0.0181	0.7304
160.1728	1014	-0.0181	0.7304
160.3414	1015	-0.0181	0.7304
160.5390	1016	-0.0358	0.7310
160.6981	1017	-0.0358	0.7310
160.8397	1018	-0.0358	0.7310
161.0058	1019	-0.0358	0.7310
161.0953	1020	-0.0358	0.7310
161.2592	1021	-0.0358	0.7310
161.4254	1022	-0.0358	0.7310
161.5909	1023	-0.0385	0.7239
161.7585	1024	-0.0385	0.7239
161.9282	1025	-0.0385	0.7239
162.1171	1026	-0.0385	0.7239
162.2529	1027	-0.0385	0.7239
162.4180	1028	-0.0385	0.7239
162.5857	1029	-0.0064	0.7186
162.7533	1030	-0.0064	0.7186
162.9184	1031	-0.0064	0.7186
163.0949	1032	-0.0064	0.7186
163.2899	1033	-0.0064	0.7186
163.4129	1034	-0.0064	0.7186
163.5780	1035	-0.0129	0.7258
163.7466	1036	-0.0129	0.7258
163.9164	1037	-0.0129	0.7258
164.1073	1038	-0.0129	0.7258
164.2794	1039	-0.0129	0.7258
164.4058	1040	-0.0129	0.7258
164.5738	1041	-0.0150	0.7135
164.7397	1042	-0.0150	0.7135
164.9111	1043	-0.0150	0.7135
165.0785	1044	-0.0150	0.7135
165.2734	1045	-0.0150	0.7135
165.3999	1046	-0.0150	0.7135
165.5699	1047	-0.0029	0.7194
165.7323	1048	-0.0029