dt(cam)	frame	LO	AO
0.0000	0000	-0.0168	0.0000
0.1037	0000	-0.0129	0.0000
1.0256	0001	-0.0237	0.0000
2.0201	0002	-0.0232	0.0000
3.0259	0003	-0.0241	0.0000
4.0216	0004	-0.0230	0.0000
5.0298	0005	-0.0237	0.0000
6.0233	0006	-0.0285	0.0000
7.0220	0007	-0.0251	0.0000
10.7668	0010	-0.0381	0.0000
12.3925	0012	0.0311	0.0000
12.3925	0012	-0.0338	0.0000
14.0454	0014	-0.0233	0.0000
14.0455	0014	-0.0129	0.0000
15.0182	0015	-0.0032	0.0000
17.5773	0017	-0.0111	0.0000
17.5774	0017	-0.0005	0.0000
19.2968	0019	-0.0121	0.0000
22.2022	0022	-0.0066	0.0000
22.2022	0022	0.0034	0.0000
22.2022	0022	0.0173	0.0000
25.0947	0025	-0.0150	0.0000
25.0947	0025	-0.0133	0.0000
28.6680	0028	-0.0055	0.0000
28.6681	0028	0.0030	0.0000
28.6681	0028	-0.0002	0.0000
28.6682	0028	0.0196	0.0000
31.6255	0031	0.0471	0.0000
31.6255	0031	0.0262	0.0000
31.6255	0031	0.0096	0.0000
34.9576	0034	0.0181	0.0000
34.9576	0034	0.0151	0.0000
34.9577	0034	0.0039	0.0000
38.0099	0038	-0.0014	0.0000
38.0099	0038	-0.0132	0.0000
38.0100	0038	-0.0197	-0.8556
40.4355	0040	0.0249	0.0040
40.4355	0040	0.0204	0.0045
40.4355	0040	-0.0213	-0.0002
40.4356	0040	-0.0254	0.0002
41.6485	0041	-0.0216	-0.0002
41.6486	0041	-0.0240	0.0001
43.0612	0043	-0.0179	-0.0004
44.2742	0044	0.0246	0.0024
44.2743	0044	-0.0200	-0.0003
45.7935	0045	-0.0231	-0.0009
47.3266	0047	-0.0115	-0.0022
48.8191	0048	0.0218	0.0016
48.8191	0048	-0.0015	0.0034
50.0987	0050	-0.0129	0.0045
54.2038	0054	-0.0227	0.0053
54.2038	0054	-0.0295	-0.0341
56.4962	0056	-0.0187	-0.0332
56.4962	0056	-0.0037	-0.0383
56.4962	0056	0.0009	-0.0376
57.8028	0057	0.0024	-0.0317
57.8028	0057	0.0166	-0.0309
57.8028	0057	0.0127	-0.0295
59.0690	0059	0.0013	-0.0327
60.5614	0060	0.0009	-0.0380
60.5614	0060	0.0015	-0.0373
61.9609	0061	0.0001	0.0044
64.3602	0064	0.0030	-0.0334
65.5730	0065	0.0010	-0.0309
65.5731	0065	0.0077	-0.0312
65.5732	0065	0.0078	-0.0240
66.9192	0066	0.0152	-0.0228
68.1189	0068	0.0177	-0.0221
69.5981	0069	0.0098	-0.0210
69.5981	0069	-0.0056	-0.0191
70.7185	0070	0.0012	-0.0195
71.8908	0071	0.0035	-0.0151
73.0635	0073	0.0031	-0.0147
74.5296	0074	-0.0038	-0.0141
74.5296	0074	-0.0037	-0.0133
75.9293	0075	0.0130	-0.0200
77.1022	0077	-0.0080	-0.0104
78.8747	0078	-0.0041	-0.0094
78.8747	0078	0.0161	-0.0166
80.1144	0080	0.0166	-0.0150
81.3939	0081	0.0143	-0.0141
81.3939	0081	0.0226	-0.0130
82.6067	0082	0.0161	-0.0116
83.9661	0083	0.0158	-0.0097
85.0995	0085	-0.0129	-0.0176
86.4719	0086	-0.0063	-0.0178
86.4719	0086	-0.0007	-0.0173
87.8314	0087	0.0110	-0.0030
88.9509	0088	0.0040	-0.0020
90.5505	0090	-0.0006	-0.0010
91.9901	0091	-0.0018	-0.0001
91.9901	0091	0.0014	-0.0128
93.5493	0093	-0.0006	-0.0120
96.1217	0096	0.0009	0.0014
96.1217	0096	0.0011	0.0013
97.1481	0097	0.0054	-0.0092
97.1481	0097	0.0096	-0.0005
98.4676	0098	0.0137	-0.0005
98.4676	0098	-0.0055	0.0038
100.2431	0100	0.0155	-0.0006
102.3993	0102	0.0003	0.0000
102.3993	0102	-0.0052	-0.0058
103.8921	0103	-0.0190	-0.0047
103.8921	0103	-0.0236	-0.0036
105.4251	0105	-0.0282	-0.0028
106.7981	0106	-0.0288	-0.0028
106.7981	0106	-0.0285	-0.0033
108.1592	0108	-0.0234	-0.0028
109.4239	0109	-0.0112	-0.0036
109.4239	0109	-0.0148	-0.0030
110.6898	0110	0.0081	-0.0041
112.3557	0112	0.0017	-0.0033
113.7286	0113	0.0051	0.0162
113.7287	0113	-0.0018	0.0169
114.0147	0114	-0.0106	0.0174
114.1071	0114	-0.0125	0.0162
115.2691	0115	-0.0178	0.0161
116.8875	0116	-0.0248	0.0160
118.1268	0118	-0.0229	0.0032
119.2734	0119	-0.0125	0.0023
120.1529	0120	-0.0014	0.0017
121.2058	0121	0.0002	0.0018
122.2586	0122	-0.0015	0.0025
122.7095	0122	-0.0019	0.0237
124.1384	0124	-0.0087	0.0178
125.0049	0125	-0.0080	0.0171
125.2976	0125	-0.0162	0.0022
126.9237	0126	-0.0065	0.0017
127.9368	0127	0.0052	0.0012
128.4482	0128	-0.0069	0.0010
129.6310	0129	0.0020	0.0009
130.3625	0130	0.0097	0.0141
131.8018	0131	-0.0125	0.0179
132.9215	0132	-0.0072	0.0172
133.9077	0133	0.0187	0.0121
135.1340	0135	0.0106	0.0127
136.2534	0136	-0.0008	0.0155
137.5865	0137	0.0006	0.0136
138.8259	0138	0.0040	0.0122
139.9587	0139	0.0002	0.0109
140.8652	0140	-0.0009	0.0100
142.2112	0142	-0.0033	0.0092
143.4908	0143	0.0020	0.0082
143.4911	0143	0.0136	-0.0066
144.6104	0144	-0.0084	0.0075
145.5579	0145	-0.0031	0.0071
146.5696	0146	0.0051	0.0058
148.0248	0148	0.0136	0.0057
149.2386	0149	-0.0103	-0.0095
149.2386	0149	0.0091	0.0045
151.2614	0151	0.0019	-0.0102
153.7005	0153	0.0082	-0.0108
153.7005	0153	-0.0107	0.0040
155.4066	0155	-0.0236	-0.0093
155.4066	0155	-0.0161	-0.0098
156.6993	0156	-0.0068	-0.0101
156.6993	0156	-0.0048	0.0024
158.3523	0158	0.0042	0.0020
