dt(cam)	frame	LO	AO
0.0000	0000	-1.3491	-3.1183
0.0031	0001	-1.3491	-3.1182
0.0042	0002	-1.3491	-3.1182
0.0052	0003	-1.3491	-3.1181
0.0083	0004	-1.3491	-3.1181
0.0091	0005	-1.3491	-3.1181
0.0156	0006	-1.3491	-3.1181
0.0171	0007	-1.3491	-3.1181
0.0731	0008	-1.3491	-3.1171
0.0839	0009	-1.3491	-3.1170
0.0852	0010	-1.3491	-3.1170
0.0873	0011	-1.3491	-3.1170
0.0918	0012	-1.3491	-3.1170
0.0926	0013	-1.3491	-3.1170
0.0953	0014	-1.3491	-3.1170
0.0972	0015	-1.3491	-3.1170
0.0985	0016	-1.3491	-3.1170
0.1050	0017	-1.3491	-3.1170
0.1146	0018	-1.3491	-3.1169
0.1155	0019	-1.3491	-3.1169
0.1200	0020	-1.3491	-3.1169
0.1250	0021	-1.3491	-3.1169
0.1283	0022	-1.3491	-3.1170
0.1324	0023	-1.3491	-3.1170
0.1389	0024	-1.3491	-3.1170
0.1744	0025	-1.3491	-3.1171
0.3133	0026	-1.3491	-3.1174
0.4760	0027	-1.3491	-3.1176
0.6398	0028	-1.3504	-3.1173
0.8058	0029	-1.3504	-3.1168
0.9699	0030	-1.3504	-3.1167
1.1894	0031	-1.3504	-3.1167
1.3053	0032	-1.3504	-3.1167
1.4698	0033	-1.3504	-3.1167
1.6368	0034	-1.3580	-3.1166
1.8145	0035	-1.3580	-3.1167
1.9773	0036	-1.3580	-3.1169
2.1677	0037	-1.3580	-3.1171
2.3020	0038	-1.3580	-3.1175
2.4702	0039	-1.3580	-3.1176
2.6356	0040	-1.3603	-3.1177
2.8054	0041	-1.3603	-3.1178
2.9693	0042	-1.3603	-3.1178
3.1376	0043	-1.3603	-3.1178
3.3214	0044	-1.3603	-3.1178
3.4698	0045	-1.3603	-3.1178
3.6368	0046	-1.3512	-3.1179
3.8028	0047	-1.3512	-3.1180
3.9687	0048	-1.3512	-3.1181
4.1564	0049	-1.3512	-3.1181
4.3021	0050	-1.3512	-3.1182
4.4732	0051	-1.3512	-3.1184
4.6367	0052	-1.3573	-3.1184
4.8053	0053	-1.3573	-3.1185
4.9700	0054	-1.3573	-3.1186
5.1370	0055	-1.3573	-3.1186
5.3232	0056	-1.3573	-3.1187
5.4690	0057	-1.3573	-3.1187
5.6355	0058	-1.3388	-3.1187
5.8124	0059	-1.3388	-3.1188
5.9709	0060	-1.3388	-3.1168
6.1379	0061	-1.3388	-3.1171
6.3033	0062	-1.3388	-3.1165
6.4701	0063	-1.3388	-3.1178
6.6360	0064	-1.0498	-3.1185
6.8063	0065	-1.0498	-3.1193
6.9706	0066	-1.0498	-3.1209
7.1387	0067	-1.0498	-3.1206
7.3190	0068	-1.0498	-3.1216
7.4908	0069	-1.0498	-3.1216
7.6370	0070	-1.0498	-3.1216
7.8031	0071	-1.0498	-3.1216
7.9709	0072	-1.0498	-3.1216
8.1547	0073	-1.0498	-3.1216
8.3193	0074	-1.0498	-3.1217
8.4700	0075	-1.0498	-3.1217
8.6604	0076	-1.0498	-3.1217
8.8056	0077	-1.0498	-3.1217
8.9703	0078	-0.7139	-3.1217
9.1399	0079	-0.7139	-3.1217
9.2254	0080	-0.7139	-3.1219
9.4160	0081	-0.7139	-3.1220
9.5621	0082	-0.7139	-3.1223
9.7805	0083	-0.7139	-3.1225
9.8871	0084	-0.7139	-3.1225
10.0934	0085	-0.7139	-3.1225
10.2222	0086	-0.7139	-3.1225
10.3846	0087	-0.7139	-3.1225
10.5519	0088	-0.7139	-3.1229
10.7394	0089	-0.7139	-3.1229
10.8800	0090	-0.7139	-3.1229
11.0482	0091	-0.7139	-3.1229
11.2370	0092	-0.7139	-3.1229
11.3770	0093	-0.7139	-3.1229
11.5890	0094	-0.3451	-3.1229
11.7581	0095	-0.3451	-3.1229
11.8728	0096	-0.3451	-3.1229
12.0783	0097	-0.3451	-3.1248
12.2050	0098	-0.3451	-3.1248
12.3712	0099	-0.3451	-3.1248
12.5449	0100	-0.0408	-3.1248
12.7513	0101	-0.0408	-3.1248
12.8686	0102	-0.0408	-3.1248
13.0343	0103	-0.0408	-3.1249
13.2113	0104	-0.0408	-3.1249
13.3686	0105	-0.0328	-3.1249
13.5755	0106	-0.0328	-3.1249
13.6936	0107	-0.0328	-3.1249
13.8643	0108	-0.0328	-3.1276
14.0464	0109	-0.0248	-3.1276
14.1908	0110	-0.0248	-3.1276
14.3608	0111	-0.0248	-3.1276
14.5714	0112	-0.0180	-3.1277
14.6874	0113	-0.0180	-3.1277
14.8571	0114	-0.0180	-3.1277
15.0204	0115	-0.0180	-3.1277
15.1882	0116	-0.0180	-3.1281
15.3554	0117	-0.0180	-3.1284
15.5155	0118	-0.0180	-3.1284
15.7230	0119	-0.0180	-3.1284
15.8514	0120	-0.0180	-3.1284
16.0256	0121	-0.0180	-3.1284
16.2121	0122	-0.0180	-3.1284
16.3474	0123	-0.0206	-3.1284
16.5263	0124	-0.0206	-3.1285
16.7220	0125	-0.0206	-3.1285
16.8410	0126	-0.0206	-3.1285
17.0061	0127	-0.0206	-3.1285
17.1798	0128	-0.0206	-3.1285
17.3395	0129	-0.0206	-3.1285
17.5429	0130	-0.0206	-3.1285
17.7127	0131	-0.0046	-3.1298
17.8361	0132	-0.0046	-3.1311
18.0313	0133	-0.0046	-3.1311
18.1691	0134	-0.0046	-3.1311
18.3369	0135	-0.0046	-3.1311
18.5175	0136	-0.0142	-3.1311
18.6628	0137	-0.0142	-3.1311
18.8271	0138	-0.0142	-3.1311
18.9947	0139	-0.0142	-3.1313
19.1701	0140	-0.0142	-3.1313
19.3455	0141	-0.0142	-3.1313
19.5119	0142	-0.0142	-3.1313
19.7029	0143	-0.0142	-3.1313
19.8212	0144	-0.0142	-3.1313
20.0088	0145	-0.0142	-3.1313
20.1524	0146	-0.0142	-3.1324
20.3226	0147	-0.0142	-3.1333
20.4874	0148	-0.0142	-3.1333
20.6493	0149	-0.0142	-3.1333
20.8190	0150	-0.0207	-3.1333
21.0261	0151	-0.0207	-3.1333
21.1459	0152	-0.0207	-3.1333
21.3563	0153	-0.0207	-3.1333
21.5201	0154	-0.0207	-3.1333
21.6435	0155	-0.0207	-3.1333
21.8104	0156	-0.0207	-3.1333
22.0279	0157	-0.0207	-3.1333
22.1390	0158	-0.0207	-3.1333
22.3142	0159	-0.0086	-3.1333
22.4761	0160	-0.0086	-3.1333
22.6408	0161	-0.0086	-3.1333
22.8088	0162	-0.0086	-3.1333
22.9701	0163	-0.0086	-3.1333
23.1532	0164	-0.0086	-3.1333
23.3050	0165	-0.0086	-3.1341
23.4702	0166	-0.0086	-3.1345
23.6363	0167	-0.0086	-3.1345
23.8029	0168	-0.0195	-3.1345
23.9737	0169	-0.0195	-3.1345
24.1801	0170	-0.0195	-3.1345
24.3031	0171	-0.0195	-3.1345
24.4707	0172	-0.0195	-3.1345
24.6377	0173	-0.0195	-3.1345
24.8050	0174	-0.0195	-3.1345
24.9721	0175	-0.0195	-3.1345
25.1375	0176	-0.0199	-3.1345
25.3064	0177	-0.0199	-3.1345
25.4734	0178	-0.0199	-3.1345
25.6400	0179	-0.0199	-3.1345
25.8045	0180	-0.0199	-3.1345
25.9735	0181	-0.0199	-3.1345
26.1514	0182	-0.0199	-3.1345
26.3288	0183	-0.0199	-3.1360
26.4703	0184	-0.0199	-3.1360
26.6367	0185	-0.0199	-3.1360
26.8035	0186	-0.0199	-3.1360
26.9696	0187	-0.0199	-3.1360
27.1413	0188	-0.0199	-3.1360
27.3033	0189	-0.0199	-3.1360
27.4698	0190	-0.0199	-3.1360
27.6363	0191	-0.0196	-3.1361
27.8036	0192	-0.0196	-3.1361
27.9698	0193	-0.0196	-3.1361
28.1370	0194	-0.0196	-3.1361
28.3035	0195	-0.0196	-3.1361
28.4851	0196	-0.0196	-3.1361
28.6574	0197	-0.0196	-3.1361
28.8059	0198	0.0287	-3.1361
28.9753	0199	0.0287	-3.1361
29.1532	0200	0.0287	-3.1361
29.3261	0201	0.0287	-3.1361
29.4872	0202	0.0287	-3.1361
29.6373	0203	0.0287	-3.1361
29.8226	0204	0.0287	-3.1362
29.9703	0205	0.0287	-3.1362
30.1459	0206	0.0287	-3.1362
30.3282	0207	0.0491	-3.1362
30.4708	0208	0.0491	-3.1362
30.6370	0209	0.0491	-3.1362
30.8033	0210	0.0491	-3.1362
30.9750	0211	0.0491	-3.1362
31.1629	0212	0.0491	-3.1362
31.3224	0213	0.0491	-3.1363
31.4700	0214	0.0491	-3.1363
31.6367	0215	0.0168	-3.1363
31.8034	0216	0.0168	-3.1363
31.9701	0217	0.0168	-3.1363
32.1372	0218	0.0168	-3.1363
32.3041	0219	0.0168	-3.1363
32.4701	0220	0.0168	-3.1363
32.6380	0221	0.0168	-3.1363
32.8052	0222	0.0168	-3.1365
32.9741	0223	0.0168	-3.1376
33.1418	0224	0.0168	-3.1380
33.3040	0225	0.0143	-3.1380
33.4716	0226	0.0143	-3.1380
33.6375	0227	0.0143	-3.1380
33.8080	0228	0.0143	-3.1380
33.9718	0229	0.0143	-3.1380
34.1731	0230	0.0143	-3.1380
34.3062	0231	0.0143	-3.1380
34.4911	0232	0.0143	-3.1380
34.5854	0233	0.0143	-3.1381
34.7304	0234	0.0143	-3.1381
34.9324	0235	0.0143	-3.1381
35.0574	0236	0.0011	-3.1381
35.2193	0237	0.0011	-3.1381
35.4039	0238	0.0011	-3.1381
35.5587	0239	0.0011	-3.1381
35.7309	0240	0.0011	-3.1381
35.8829	0241	0.0011	-3.1381
36.0485	0242	0.0011	-3.1386
36.2132	0243	0.0011	-3.1390
36.3806	0244	0.0011	-3.1396
36.5537	0245	0.0227	-3.1396
36.7580	0246	0.0227	-3.1396
36.9071	0247	0.0227	-3.1396
37.0418	0248	0.0227	-3.1396
37.2246	0249	0.0227	-3.1396
37.3731	0250	0.0227	-3.1396
37.5774	0251	0.0227	-3.1396
37.7035	0252	0.0227	-3.1396
37.8721	0253	0.0227	-3.1397
38.0409	0254	-0.1619	-3.1274
38.2026	0255	-0.1619	-3.1274
38.3701	0256	-0.1619	-3.1274
38.5568	0257	-0.1619	-3.1274
38.7011	0258	-0.1619	-3.1274
38.8666	0259	-0.1619	-3.1274
39.0300	0260	-0.1619	-3.1274
39.1945	0261	-0.1619	-3.1277
39.3662	0262	-0.0460	-3.1285
39.5398	0263	-0.0460	-3.1286
39.6905	0264	-0.0460	-3.1286
39.8611	0265	-0.0460	-3.1286
40.0381	0266	-0.0460	-3.1286
40.1944	0267	-0.0460	-3.1287
40.3566	0268	-0.0460	-3.1287
40.5247	0269	-0.0262	-3.1287
40.6844	0270	-0.0262	-3.1287
40.8506	0271	-0.0262	-3.1287
41.0158	0272	-0.0262	-3.1291
41.1811	0273	-0.0172	-3.1291
41.3983	0274	-0.0172	-3.1291
41.5129	0275	-0.0172	-3.1291
41.7082	0276	-0.0056	-3.1291
41.8822	0277	-0.0056	-3.1291
42.0088	0278	-0.0056	-3.1291
42.1800	0279	-0.0056	-3.1291
42.3839	0280	0.0128	-3.1295
42.5262	0281	0.0128	-3.1300
42.6720	0282	0.0128	-3.1300
42.8384	0283	0.0128	-3.1300
43.0213	0284	0.0128	-3.1300
43.1698	0285	0.0128	-3.1299
43.3371	0286	0.0128	-3.1299
43.5454	0287	0.0128	-3.1299
43.6657	0288	0.0128	-3.1297
43.8372	0289	0.0145	-3.1299
43.9983	0290	0.0145	-3.1299
44.1662	0291	0.0145	-3.1299
44.3289	0292	0.0283	-3.1299
44.5343	0293	0.0283	-3.1299
44.6603	0294	0.0283	-3.1299
44.8744	0295	0.0283	-3.1299
44.9934	0296	0.0283	-3.1303
45.2003	0297	0.0180	-3.1315
45.3203	0298	0.0180	-3.1315
45.4934	0299	0.0180	-3.1315
45.6553	0300	0.0180	-3.1315
45.8191	0301	0.0180	-3.1315
45.9850	0302	0.0180	-3.1315
46.1523	0303	0.0180	-3.1315
46.3259	0304	0.0180	-3.1315
46.4798	0305	0.0180	-3.1325
46.6897	0306	0.0224	-3.1339
46.8137	0307	0.0224	-3.1339
46.9846	0308	0.0224	-3.1339
47.1441	0309	0.0224	-3.1339
47.3625	0310	0.0224	-3.1340
47.5252	0311	0.0224	-3.1340
47.6421	0312	0.0224	-3.1340
47.8137	0313	0.0224	-3.1340
47.9780	0314	0.0224	-3.1340
48.1381	0315	0.0037	-3.1358
48.3505	0316	0.0037	-3.1367
48.4704	0317	0.0037	-3.1367
48.6378	0318	0.0037	-3.1367
48.8067	0319	0.0037	-3.1367
48.9720	0320	0.0256	-3.1367
49.1812	0321	0.0256	-3.1367
49.3044	0322	0.0256	-3.1367
49.5051	0323	0.0245	-3.1367
49.6626	0324	0.0245	-3.1372
49.8049	0325	0.0245	-3.1372
49.9845	0326	0.0245	-3.1372
50.1724	0327	0.0245	-3.1372
50.3062	0328	0.0245	-3.1372
50.4715	0329	0.0245	-3.1372
50.6414	0330	0.0245	-3.1373
50.8069	0331	0.0245	-3.1373
50.9812	0332	0.0245	-3.1373
51.1402	0333	0.0245	-3.1373
51.3265	0334	0.0245	-3.1373
51.4715	0335	0.0245	-3.1383
51.6539	0336	0.0245	-3.1390
51.8071	0337	0.0245	-3.1395
51.9918	0338	0.0245	-3.1395
52.1712	0339	0.0190	-3.1395
52.3234	0340	0.0190	-3.1395
52.4712	0341	0.0190	-3.1395
52.6382	0342	0.0190	-3.1395
52.8043	0343	0.0190	-3.1395
52.9778	0344	0.0190	-3.1395
53.1591	0345	0.0190	-3.1395
53.3179	0346	0.0190	-3.1395
53.4717	0347	0.0190	-3.1395
53.6526	0348	0.0190	-3.1396
53.8068	0349	0.0190	-3.1396
53.9737	0350	0.0190	-3.1396
54.1439	0351	0.0190	-3.1396
54.3048	0352	0.0007	-3.1396
54.4720	0353	0.0007	-3.1396
54.6450	0354	0.0007	-3.1396
54.8070	0355	0.0007	-3.1396
54.9719	0356	0.0007	-3.1396
55.1395	0357	0.0007	-3.1396
55.3220	0358	0.0007	-3.1396
55.4711	0359	0.0188	-3.1400
55.6570	0360	0.0188	-3.1399
55.8060	0361	0.0188	-3.1399
55.9856	0362	0.0188	-3.1399
56.1393	0363	0.0188	-3.1399
56.3109	0364	0.0188	-3.1399
56.4722	0365	0.0188	-3.1398
56.6377	0366	-0.0278	-3.1398
56.8049	0367	-0.0278	-3.1398
56.9723	0368	-0.0278	-3.1398
57.1404	0369	-0.0278	-3.1398
57.3065	0370	0.5142	-3.1163
57.4790	0371	0.5142	-3.1164
57.6431	0372	0.5142	-3.1164
57.8046	0373	0.0158	-3.1164
57.9711	0374	0.0158	-3.1164
58.1410	0375	0.0158	-3.1164
58.3212	0376	0.0158	-3.1164
58.4897	0377	0.0355	-3.1157
58.6379	0378	0.0355	-3.1157
58.8080	0379	0.0355	-3.1157
58.9713	0380	0.0355	-3.1157
59.1456	0381	0.0355	-3.1157
59.3132	0382	0.0355	-3.1157
59.4850	0383	0.0355	-3.1157
59.6390	0384	0.0355	-3.1157
59.7262	0385	0.0355	-3.1157
59.9015	0386	0.0355	-3.1166
60.0573	0387	0.0467	-3.1166
60.2226	0388	0.0467	-3.1166
60.3880	0389	0.0467	-3.1166
60.5599	0390	0.0467	-3.1166
60.7725	0391	0.0447	-3.1166
60.8852	0392	0.0447	-3.1166
61.0952	0393	0.0447	-3.1166
61.2160	0394	0.0447	-3.1166
61.4042	0395	0.0398	-3.1168
61.5488	0396	0.0398	3.1187
61.7547	0397	0.0398	3.1187
61.8780	0398	0.0398	3.1187
62.0464	0399	0.0398	3.1187
62.2118	0400	0.0398	3.1187
62.4231	0401	0.0398	3.1187
62.5426	0402	0.0398	3.1187
62.7479	0403	0.0398	3.1187
62.8714	0404	0.0398	3.1187
63.0419	0405	0.0398	3.1186
63.2094	0406	0.0274	3.1182
63.4162	0407	0.0274	3.1182
63.5847	0408	0.0274	3.1182
63.7008	0409	0.0274	3.1182
63.9141	0410	0.0274	3.1182
64.0326	0411	0.0274	3.1182
64.1985	0412	0.0274	3.1182
64.4006	0413	0.0274	3.1182
64.5329	0414	0.0274	3.1182
64.7097	0415	0.0274	3.1182
64.8586	0416	0.0274	3.1182
65.0243	0417	0.0158	3.1261
65.2002	0418	0.0158	3.1261
65.3694	0419	0.0158	3.1261
65.5689	0420	0.0158	3.1261
65.6866	0421	0.0125	3.1269
65.8941	0422	0.0125	3.1269
66.0181	0423	0.0125	3.1269
66.2253	0424	0.0125	3.1269
66.3835	0425	0.0263	3.1310
66.5180	0426	0.0263	3.1310
66.7291	0427	0.0263	3.1310
66.8457	0428	0.0263	3.1310
67.0144	0429	0.0263	3.1313
67.1808	0430	0.0263	3.1313
67.3518	0431	0.0263	3.1313
67.5119	0432	0.0263	3.1313
67.7186	0433	0.0345	3.1337
67.8388	0434	0.0345	3.1337
68.0043	0435	0.0345	3.1337
68.1775	0436	0.0345	3.1337
68.3391	0437	0.0345	3.1340
68.5164	0438	0.0345	3.1340
68.6683	0439	0.0345	3.1340
68.8722	0440	0.0300	3.1340
68.9976	0441	0.0300	3.1344
69.1753	0442	0.0300	3.1341
69.3821	0443	0.0300	3.1341
69.4959	0444	0.0300	3.1341
69.6616	0445	0.0181	3.1340
69.8312	0446	0.0181	3.1340
70.0302	0447	0.0181	3.1340
70.1636	0448	0.0258	3.1340
70.3576	0449	0.0258	3.1371
70.4918	0450	0.0258	3.1371
70.6934	0451	0.0258	3.1371
70.8391	0452	0.0258	3.1374
70.9868	0453	0.0258	3.1374
71.1892	0454	0.0258	3.1374
71.3540	0455	0.0160	3.1359
71.4840	0456	0.0160	3.1359
71.6807	0457	0.0160	3.1359
71.8162	0458	0.0160	3.1359
72.0220	0459	0.0160	3.1358
72.1463	0460	0.0160	3.1358
72.3592	0461	0.0160	3.1358
72.4768	0462	0.0160	3.1354
72.6409	0463	0.0126	3.1356
72.8100	0464	0.0126	3.1356
72.9739	0465	0.0126	3.1356
73.1743	0466	0.0126	3.1355
73.3265	0467	0.0126	3.1355
73.4730	0468	0.0126	3.1355
73.6722	0469	0.0126	3.1355
73.8083	0470	-0.0005	3.1355
74.0336	0471	-0.0005	3.1367
74.1386	0472	-0.0005	3.1367
74.3066	0473	-0.0005	3.1367
74.4723	0474	-0.0005	3.1367
74.6438	0475	-0.0049	3.1367
74.8060	0476	-0.0049	3.1365
74.9792	0477	-0.0049	3.1365
75.1401	0478	-0.0049	3.1365
75.3061	0479	-0.0189	3.1365
75.4806	0480	-0.0189	-3.1414
75.6386	0481	-0.0189	-3.1414
75.8098	0482	-0.0189	-3.1414
75.9719	0483	-0.0189	-3.1414
76.1408	0484	-0.0189	-3.1414
76.3380	0485	-0.2354	-3.1406
76.4716	0486	-0.2354	-3.1406
76.6394	0487	-0.2354	-3.1342
76.8057	0488	-0.2354	-3.1342
76.9781	0489	-0.2354	-3.1342
77.1637	0490	-0.2354	-3.1342
77.3051	0491	-0.2354	-3.1342
77.4720	0492	-0.2354	-3.1341
77.6523	0493	-0.2354	-3.1341
77.8074	0494	-0.2354	-3.1341
77.9722	0495	-0.2354	-3.1341
78.1402	0496	0.2075	-3.1193
78.3060	0497	0.2075	-3.1190
78.4723	0498	0.2075	-3.1191
78.6392	0499	0.2075	-3.1191
78.8054	0500	0.2075	-3.1191
78.9928	0501	-0.0116	-3.1192
79.1417	0502	-0.0116	-3.1192
79.3058	0503	-0.0116	-3.1192
79.4739	0504	-0.0116	-3.1201
79.6532	0505	-0.0216	-3.1204
79.8159	0506	-0.0216	-3.1204
79.9733	0507	-0.0216	-3.1204
80.1405	0508	-0.0216	-3.1204
80.3168	0509	-0.0216	-3.1204
80.4919	0510	-0.0216	-3.1204
80.6428	0511	-0.0216	-3.1204
80.8089	0512	-0.0305	-3.1203
80.9733	0513	-0.0305	-3.1212
81.1474	0514	-0.0305	-3.1212
81.3243	0515	-0.0305	-3.1212
81.4737	0516	0.0276	-3.1212
81.6390	0517	0.0276	-3.1212
81.8063	0518	0.0276	-3.1212
81.9933	0519	0.0276	-3.1212
82.1393	0520	-0.0382	-3.1228
82.3074	0521	-0.0382	-3.1228
82.4724	0522	-0.0382	-3.1228
82.6405	0523	-0.0382	-3.1228
82.8067	0524	-0.0382	-3.1227
82.9737	0525	-0.0382	-3.1227
83.1494	0526	-0.0382	-3.1227
83.3086	0527	0.0409	-3.1084
83.4773	0528	0.0409	-3.1039
83.6397	0529	0.0409	-3.1039
83.8176	0530	0.0409	-3.1039
83.9738	0531	0.0409	-3.1039
84.1481	0532	0.0409	-3.1036
84.3075	0533	0.0409	-3.1036
84.4888	0534	0.0409	-3.1036
84.6396	0535	0.0147	-3.1036
84.8090	0536	0.0147	-3.1011
84.9840	0537	0.0147	-3.1011
85.0603	0538	0.0147	-3.1011
85.2295	0539	0.0147	-3.1010
85.3928	0540	0.0147	-3.1010
85.5730	0541	0.0147	-3.1010
85.7378	0542	0.0147	-3.1005
85.8875	0543	0.0131	-3.1017
86.0956	0544	0.0131	-3.1017
86.2189	0545	0.0131	-3.1017
86.3856	0546	0.0131	-3.1017
86.5539	0547	0.0290	-3.1019
86.7618	0548	0.0290	-3.1019
86.8827	0549	0.0290	-3.1019
87.0583	0550	0.0290	-3.1019
87.2193	0551	0.0137	-3.1027
87.3776	0552	0.0137	-3.1027
87.5902	0553	0.0137	-3.1027
87.7119	0554	0.0137	-3.1027
87.8780	0555	0.0137	-3.1025
88.0401	0556	0.0137	-3.1025
88.2089	0557	0.0137	-3.1025
88.3730	0558	0.0137	-3.1035
88.5715	0559	0.0064	-3.1035
88.7536	0560	0.0064	-3.1035
88.8704	0561	0.0064	-3.1035
89.0327	0562	0.0064	-3.1035
89.2079	0563	0.0064	-3.1035
89.4135	0564	0.0064	-3.1035
89.5307	0565	0.0064	-3.1035
89.7033	0566	0.0064	-3.1035
89.8622	0567	0.0061	-3.1057
90.0483	0568	0.0061	-3.1057
90.1943	0569	0.0061	-3.1057
90.3759	0570	0.0061	-3.1057
90.5723	0571	0.0061	-3.1057
90.6900	0572	0.0061	-3.1057
90.8576	0573	0.0061	-3.1057
91.0225	0574	0.0061	-3.1057
91.1860	0575	0.0061	-3.1057
91.3590	0576	0.0150	-3.1060
91.5698	0577	0.0150	-3.1063
91.6830	0578	0.0150	-3.1063
91.8777	0579	0.0150	-3.1063
92.0326	0580	0.0024	-3.1063
92.1825	0581	0.0024	-3.1063
92.3489	0582	0.0024	-3.1063
92.5636	0583	0.0035	-3.1062
92.6815	0584	0.0035	-3.1062
92.8425	0585	0.0035	-3.1062
93.0160	0586	0.0035	-3.1064
93.1928	0587	0.0035	-3.1068
93.3855	0588	0.0035	-3.1068
93.5072	0589	0.0035	-3.1068
93.6724	0590	0.0035	-3.1068
93.8383	0591	0.0035	-3.1068
94.0051	0592	0.0035	-3.1068
94.1820	0593	0.0035	-3.1070
94.3515	0594	0.0035	-3.1070
94.5004	0595	0.0035	-3.1070
94.7053	0596	0.0035	-3.1070
94.8282	0597	0.0035	-3.1070
95.0338	0598	0.0076	-3.1070
95.1615	0599	0.0076	-3.1070
95.3359	0600	0.0076	-3.1073
95.4946	0601	0.0076	-3.1081
95.6581	0602	0.0076	-3.1081
95.8220	0603	0.0076	-3.1081
95.9888	0604	0.0076	-3.1081
96.1678	0605	0.0169	-3.1082
96.3684	0606	0.0169	-3.1082
96.4870	0607	0.0169	-3.1082
96.6559	0608	0.0079	-3.1082
96.8167	0609	0.0079	-3.1082
96.9822	0610	0.0079	-3.1112
97.1786	0611	0.0111	-3.1112
97.3138	0612	0.0111	-3.1112
97.5243	0613	0.0111	-3.1113
97.6461	0614	0.0111	-3.1113
97.8092	0615	0.3740	-3.1113
97.9791	0616	0.3740	-3.1113
98.1882	0617	0.3740	-3.1142
98.3582	0618	0.3740	-3.1142
98.4752	0619	0.1532	-3.1157
98.6868	0620	0.1532	-3.1157
98.8103	0621	0.1532	-3.1157
98.9851	0622	0.1532	-3.1158
99.1580	0623	0.1532	-3.1158
99.3449	0624	0.1532	-3.1158
99.4732	0625	0.0384	-3.1158
99.6772	0626	0.0384	-3.1161
99.8066	0627	0.0384	-3.1157
100.0097	0628	0.0384	-3.1145
100.1756	0629	0.0384	-3.1145
100.3060	0630	0.0384	-3.1145
100.4737	0631	0.0384	-3.1145
100.6395	0632	0.0384	-3.1145
100.8090	0633	0.0384	-3.1145
100.9785	0634	0.0384	-3.1144
101.1421	0635	0.0384	-3.1144
101.3088	0636	0.0384	-3.1144
101.4736	0637	0.0265	-3.1144
101.6423	0638	0.0265	-3.1144
101.8063	0639	0.0265	-3.1144
101.9738	0640	0.0265	-3.1144
102.1439	0641	0.0265	-3.1155
102.3083	0642	0.0265	-3.1159
102.4753	0643	-0.0130	-3.1159
102.6397	0644	-0.0130	-3.1159
102.8095	0645	-0.0130	-3.1159
102.9757	0646	-0.0130	-3.1160
103.1464	0647	-0.0159	-3.1160
103.3078	0648	-0.0159	-3.1160
103.4728	0649	-0.0159	-3.1160
103.6549	0650	-0.0159	-3.1173
103.8064	0651	-0.0159	-3.1180
103.9918	0652	-0.0324	-3.1180
104.1400	0653	-0.0324	-3.1180
104.3065	0654	-0.0324	-3.1180
104.4729	0655	-0.0324	-3.1180
104.6400	0656	-0.0324	-3.1180
104.8080	0657	-0.0477	-3.1180
104.9748	0658	-0.0477	-3.1190
105.1410	0659	-0.0477	-3.1190
105.3063	0660	-0.0477	-3.1190
105.4750	0661	-0.0477	-3.1190
105.6411	0662	-0.0477	-3.1190
105.8067	0663	-0.0477	-3.1192
105.9731	0664	-0.0477	-3.1192
106.1427	0665	-0.0527	-3.1192
106.3213	0666	-0.0527	-3.1192
106.4759	0667	-0.0527	-3.1192
106.6398	0668	-0.0527	-3.1200
106.8102	0669	-0.0550	-3.1199
106.9740	0670	-0.0550	-3.1199
107.1644	0671	-0.0550	-3.1199
107.3080	0672	-0.0550	-3.1198
107.4737	0673	-0.0550	-3.1198
107.6415	0674	-0.0423	-3.1198
107.8261	0675	-0.0423	-3.1198
107.9737	0676	-0.0423	-3.1159
108.1623	0677	-0.0423	-3.1157
108.3068	0678	-0.0423	-3.1157
108.4915	0679	-0.0423	-3.1157
108.6418	0680	-0.0202	-3.1156
108.8096	0681	-0.0202	-3.1156
108.9745	0682	-0.0202	-3.1156
109.1605	0683	-0.0202	-3.1147
109.3065	0684	-0.0202	-3.1123
109.4773	0685	-0.0340	-3.1123
109.6409	0686	-0.0340	-3.1123
109.8140	0687	-0.0340	-3.1120
109.9740	0688	-0.0340	-3.1120
110.1425	0689	-0.0230	-3.1120
110.2384	0690	-0.0230	-3.1120
110.3966	0691	-0.0230	-3.1120
110.5620	0692	-0.0230	-3.1144
110.7595	0693	-0.0230	-3.1144
110.9318	0694	-0.0230	-3.1144
111.0610	0695	-0.0230	-3.1144
111.2587	0696	-0.0230	-3.1145
111.3876	0697	-0.0230	-3.1145
111.5653	0698	-0.0420	-3.1145
111.7668	0699	-0.0420	-3.1145
111.8843	0700	-0.0420	-3.1145
112.0892	0701	-0.0420	-3.1030
112.2171	0702	-0.0420	-3.1030
112.3812	0703	-0.0420	-3.1030
112.5644	0704	-0.0420	-3.1030
112.7575	0705	-0.0420	-3.1018
112.8774	0706	-0.0420	-3.1018
113.0746	0707	-0.0354	-3.1018
113.2154	0708	-0.0354	-3.1018
113.3752	0709	-0.0354	-3.1018
113.5484	0710	-0.0354	-3.0966
113.7541	0711	-0.0300	-3.0964
113.8707	0712	-0.0300	-3.0964
114.0359	0713	-0.0349	-3.0923
114.2021	0714	-0.2262	-3.0962
114.3764	0715	-0.2262	-3.0962
114.5368	0716	-0.2262	-3.1002
114.7005	0717	-0.1559	-3.1111
114.8896	0718	-0.1559	-3.1114
115.0291	0719	-0.1559	-3.1132
115.2044	0720	-0.1559	-3.1132
115.3669	0721	-0.1559	-3.1144
115.5494	0722	-0.1559	-3.1142
115.7359	0723	-0.1559	-3.1139
115.8591	0724	-0.1559	-3.1139
116.0575	0725	-0.1559	-3.1139
116.1893	0726	-0.0383	-3.1142
116.3618	0727	-0.0383	-3.1142
116.5620	0728	-0.0383	-3.1142
116.6853	0729	-0.0383	-3.1179
116.8937	0730	-0.0383	-3.1184
117.0174	0731	-0.0383	-3.1184
117.1905	0732	-0.0383	-3.1184
117.3513	0733	-0.0383	-3.1184
117.5613	0734	-0.0351	-3.1184
117.6783	0735	-0.0351	-3.1180
117.8447	0736	-0.0351	-3.1180
118.0096	0737	-0.0351	-3.1180
118.1762	0738	-0.0351	-3.1180
118.3931	0739	-0.0351	-3.1180
118.5524	0740	-0.0351	-3.1180
118.6732	0741	-0.0351	-3.1180
118.8397	0742	-0.0177	-3.1185
119.0040	0743	-0.0177	-3.1196
119.1730	0744	-0.0177	-3.1196
119.3580	0745	-0.0177	-3.1199
119.5014	0746	-0.0177	-3.1199
119.6674	0747	-0.0177	-3.1199
119.8314	0748	-0.0045	-3.1093
119.9969	0749	-0.0045	-3.1083
120.1744	0750	-0.0045	-3.1083
120.3759	0751	-0.0045	-3.1082
120.5083	0752	-0.0045	-3.1082
120.7048	0753	-0.0340	-3.1085
120.8294	0754	-0.0340	-3.1084
120.9942	0755	-0.0340	-3.1084
121.2035	0756	-0.0340	-3.1084
121.3714	0757	-0.0340	-3.1084
121.5361	0758	-0.0340	-3.1084
121.6530	0759	-0.0340	-3.1084
121.8189	0760	-0.0332	-3.1078
121.9952	0761	-0.0332	-3.1065
122.1564	0762	-0.0332	-3.1065
122.3304	0763	-0.0332	-3.1067
122.4809	0764	-0.0332	-3.1067
122.6478	0765	-0.0056	-3.1089
122.8143	0766	-0.0056	-3.1090
122.9885	0767	-0.0056	-3.1090
123.1514	0768	-0.0056	-3.1093
123.3145	0769	-0.0056	-3.1093
123.4743	0770	-0.0180	-3.1115
123.6408	0771	-0.0180	-3.1115
123.8088	0772	-0.0180	-3.1115
123.9802	0773	-0.0180	-3.1115
124.1446	0774	-0.0180	-3.1116
124.3072	0775	-0.0180	-3.1116
124.5156	0776	-0.0180	-3.1116
124.6416	0777	-0.0180	-3.1116
124.8107	0778	-0.0359	-3.1113
124.9762	0779	-0.0359	-3.1113
125.1840	0780	-0.0040	-3.1126
125.3071	0781	-0.0040	-3.1126
125.5079	0782	-0.0040	-3.1127
125.6422	0783	-0.0040	-3.1127
125.8094	0784	-0.0040	-3.1123
125.9766	0785	-0.0040	-3.1123
126.1494	0786	-0.0245	-3.1123
126.3252	0787	-0.0245	-3.1123
126.4763	0788	-0.0245	-3.1123
126.6408	0789	-0.0245	-3.1121
126.8095	0790	-0.0245	-3.1121
126.9740	0791	-0.0245	-3.1121
127.1876	0792	-0.0245	-3.1122
127.3111	0793	-0.0245	-3.1122
127.4745	0794	-0.0163	-3.1129
127.6411	0795	-0.0163	-3.1123
127.8074	0796	-0.0163	-3.1123
127.9739	0797	-0.0163	-3.1120
128.1569	0798	-0.0163	-3.1120
128.3072	0799	-0.0081	-3.1106
128.4872	0800	-0.0081	-3.1106
128.6414	0801	-0.0081	-3.1111
128.8101	0802	-0.0081	-3.1116
128.9773	0803	-0.0081	-3.1125
129.1421	0804	-0.0182	-3.1151
129.3072	0805	-0.0182	-3.1151
129.4756	0806	-0.0182	-3.1151
129.6451	0807	-0.0182	-3.1142
129.8072	0808	-0.0182	-3.1212
129.9741	0809	-0.0182	-3.1212
130.1421	0810	-0.0125	-3.1232
130.3240	0811	-0.0125	-3.1232
130.4739	0812	-0.0125	-3.1232
130.6420	0813	-0.0125	-3.1248
130.8115	0814	-0.0125	-3.1248
130.9744	0815	-0.0125	-3.1249
131.1464	0816	-0.0099	-3.1249
131.3082	0817	-0.0099	-3.1249
131.4744	0818	-0.0099	-3.1280
131.6408	0819	-0.0099	-3.1280
131.8078	0820	-0.0099	-3.1280
131.9807	0821	-0.0099	-3.1282
132.1619	0822	-0.0099	-3.1282
132.3080	0823	-0.0099	-3.1299
132.4885	0824	-0.2875	-3.1299
132.6427	0825	-0.2875	-3.1299
132.8090	0826	-0.2875	-3.1300
132.9785	0827	-0.2875	-3.1300
133.1410	0828	-0.2875	-3.1310
133.3162	0829	-0.2875	-3.1311
133.4752	0830	-0.1161	-3.1311
133.6436	0831	-0.1161	-3.1312
133.8096	0832	-0.1161	-3.1312
133.9741	0833	-0.1161	-3.1316
134.1421	0834	-0.1161	-3.1326
134.3128	0835	-0.1161	-3.1326
134.4755	0836	-0.1161	-3.1326
134.6493	0837	-0.0331	-3.1325
134.8172	0838	-0.0331	-3.1325
134.9751	0839	-0.0331	-3.1325
135.1525	0840	-0.0331	-3.1325
135.3243	0841	-0.0331	-3.1329
135.4742	0842	-0.0331	-3.1329
135.5674	0843	-0.0331	-3.1329
135.7299	0844	-0.0208	-3.1331
135.8958	0845	-0.0208	-3.1331
136.0599	0846	-0.0208	-3.1331
136.2244	0847	-0.0208	-3.1348
136.3920	0848	-0.0208	-3.1351
136.5608	0849	-0.0208	-3.1351
136.7403	0850	-0.0208	-3.1351
136.8882	0851	-0.0208	-3.1351
137.0518	0852	-0.0134	-3.1352
137.2194	0853	-0.0134	-3.1352
137.3860	0854	-0.0134	-3.1352
137.5990	0855	-0.0134	-3.1350
137.7514	0856	-0.0134	-3.1364
137.8808	0857	-0.0134	-3.1364
138.0578	0858	-0.0134	-3.1364
138.2156	0859	0.0055	-3.1367
138.3793	0860	0.0055	-3.1367
138.5981	0861	0.0055	-3.1367
138.7091	0862	0.0055	-3.1388
138.8774	0863	0.0055	-3.1391
139.0774	0864	0.0055	-3.1406
139.2157	0865	0.0055	-3.1406
139.3757	0866	0.0055	-3.1406
139.5456	0867	0.0194	-3.1406
139.7025	0868	0.0194	-3.1406
139.8679	0869	0.0194	-3.1408
140.0573	0870	0.0194	-3.1402
140.1996	0871	0.0194	-3.1402
140.3796	0872	0.0194	-3.1402
140.5335	0873	0.0324	-3.1404
140.6976	0874	0.0324	-3.1404
140.8599	0875	0.0324	3.1406
141.0264	0876	0.0278	3.1390
141.1961	0877	0.0278	3.1390
141.4183	0878	0.0278	3.1390
141.5235	0879	0.0278	3.1390
141.6926	0880	0.0278	3.1390
141.8534	0881	0.0278	3.1390
142.0243	0882	0.0278	3.1390
142.1930	0883	0.0278	3.1397
142.3595	0884	0.0278	3.1391
142.5185	0885	0.0278	3.1391
142.6820	0886	0.0278	3.1391
142.8470	0887	0.0278	3.1390
143.0136	0888	0.0311	3.1390
143.1898	0889	0.0311	3.1390
143.3471	0890	0.0311	3.1386
143.5122	0891	0.0108	3.1386
143.7055	0892	0.0108	3.1373
143.8415	0893	0.0108	3.1373
144.0072	0894	0.0108	3.1373
144.1768	0895	0.0190	3.1370
144.3414	0896	0.0190	3.1370
144.5407	0897	0.0190	3.1353
144.6683	0898	0.0190	3.1353
144.8342	0899	0.0190	3.1353
145.0009	0900	0.0190	3.1351
145.1679	0901	0.0169	3.1351
145.3331	0902	0.0169	3.1351
145.5393	0903	0.0169	3.1347
145.6620	0904	0.0169	3.1347
145.8287	0905	0.0169	3.1347
145.9957	0906	0.0169	3.1343
146.1629	0907	0.0180	3.1343
146.3291	0908	0.0180	3.1343
146.4914	0909	0.0180	3.1327
146.6722	0910	0.0180	3.1337
146.8443	0911	0.0180	3.1337
146.9865	0912	0.0180	3.1337
147.1538	0913	0.0180	3.1339
147.3552	0914	0.0395	3.1339
147.4832	0915	0.0395	3.1339
147.6485	0916	0.0395	3.1339
147.8163	0917	0.0395	3.1344
147.9859	0918	0.0395	3.1338
148.1868	0919	0.0395	3.1338
148.3652	0920	0.0395	3.1338
148.4791	0921	0.0395	3.1336
148.6450	0922	0.0656	3.1336
148.8103	0923	0.0656	3.1336
148.9781	0924	0.0656	3.1323
149.2061	0925	0.0656	3.1357
149.3083	0926	0.0726	3.1357
149.5119	0927	0.0726	3.1357
149.6457	0928	0.0726	3.1357
149.8304	0929	0.0726	3.1357
150.0183	0930	0.0726	3.1368
150.1421	0931	0.0726	3.1368
150.3099	0932	0.1012	3.1368
150.4760	0933	0.1012	3.1368
150.6448	0934	0.1012	3.1368
150.8081	0935	0.1012	-3.1333
150.9778	0936	0.1012	-3.1316
151.1449	0937	0.1012	-3.1220
151.3115	0938	0.1012	-3.1220
151.4878	0939	0.1012	-3.1220
151.6504	0940	0.1012	-3.1220
151.8098	0941	0.1012	-3.1220
151.9760	0942	0.1012	-3.1220
152.1721	0943	0.1012	-3.1213
152.3103	0944	0.1012	-3.1213
152.4753	0945	0.1012	-3.1213
152.6558	0946	0.1152	-3.1213
152.8083	0947	0.1152	-3.1213
152.9823	0948	0.1152	-3.1213
153.1461	0949	0.1152	-3.1213
153.3275	0950	0.1152	-3.1178
153.4919	0951	0.1152	-3.1175
153.6420	0952	0.1152	-3.1142
153.8308	0953	0.0809	-3.1142
153.9775	0954	0.0809	-3.1142
154.1742	0955	0.0809	-3.1142
154.3243	0956	0.0809	-3.1142
154.4916	0957	0.0809	-3.1139
154.6443	0958	0.2226	-3.1139
154.8096	0959	0.2226	-3.1139
154.9950	0960	0.2226	-3.1139
155.1458	0961	0.2226	-3.1114
155.3260	0962	0.2226	-3.1120
155.4779	0963	0.7879	-3.1120
155.6422	0964	0.7879	-3.1120
155.8141	0965	0.7879	-3.1120
155.9762	0966	0.7879	-3.1124
156.1438	0967	1.3506	-3.1124
156.3164	0968	1.3506	-3.1124
156.4749	0969	1.3506	-3.1144
156.6419	0970	1.3506	-3.1175
156.8222	0971	1.8776	-3.1175
156.9782	0972	1.8776	-3.1175
157.1452	0973	1.8776	-3.1175
157.3096	0974	2.0160	-3.1174
157.4753	0975	2.0160	-3.1174
157.6417	0976	2.0160	-3.1174
157.8174	0977	2.0160	-3.1174
157.9780	0978	2.0160	-3.1177
158.1436	0979	2.0160	-3.1192
158.3103	0980	2.0160	-3.1192
158.4914	0981	2.0160	-3.1192
