dt(cam)	frame	LO	AO
0.0000	0000	1.7782	-3.1013
0.0278	0001	1.7782	-3.1013
0.0380	0002	1.7782	-3.1013
0.0488	0003	1.7782	-3.1013
0.0612	0004	1.7782	-3.1013
0.0689	0005	1.7782	-3.1013
0.1918	0006	1.7782	-3.1012
0.3483	0007	1.7782	-3.1013
0.5272	0008	1.7807	-3.1013
0.7275	0009	1.7807	-3.1012
0.8809	0010	1.7807	-3.1012
1.0130	0011	1.7807	-3.1011
1.1787	0012	1.7807	-3.1011
1.3441	0013	1.7807	-3.1010
1.5241	0014	1.7786	-3.1010
1.6731	0015	1.7786	-3.1009
1.8418	0016	1.7786	-3.1009
2.0433	0017	1.7786	-3.1008
2.1714	0018	1.7786	-3.1007
2.3408	0019	1.7786	-3.1007
2.5508	0020	1.7818	-3.1006
2.6672	0021	1.7818	-3.1005
2.8351	0022	1.7818	-3.1004
2.9969	0023	1.7818	-3.1004
3.1679	0024	1.7818	-3.1004
3.3336	0025	1.7818	-3.1002
3.5026	0026	1.7810	-3.1002
3.6626	0027	1.7810	-3.1002
3.8268	0028	1.7810	-3.1002
4.0308	0029	1.7810	-3.1003
4.1603	0030	1.7810	-3.1003
4.3231	0031	1.7810	-3.1003
4.4896	0032	1.7812	-3.1003
4.7062	0033	1.7812	-3.1002
4.8198	0034	1.7812	-3.1002
4.9863	0035	1.7812	-3.1002
5.1512	0036	1.7812	-3.1002
5.3176	0037	1.7812	-3.1003
5.4982	0038	1.7944	-3.1003
5.6585	0039	1.7944	-3.1004
5.8520	0040	1.7944	-3.1003
5.9928	0041	1.7944	-3.1001
6.1477	0042	1.7944	-3.1000
6.3155	0043	1.7944	-3.1001
6.4768	0044	1.7944	-3.0999
6.6851	0045	1.7936	-3.1000
6.8066	0046	1.7936	-3.1001
7.0124	0047	1.7936	-3.1001
7.1403	0048	1.7936	-3.1003
7.3386	0049	1.7936	-3.1004
7.4694	0050	1.7936	-3.1005
7.6400	0051	1.7925	-3.1009
7.8451	0052	1.7925	-3.1009
7.9657	0053	1.7925	-3.1008
8.1357	0054	1.7925	-3.1008
8.3019	0055	1.7925	-3.1006
8.4667	0056	1.7925	-3.1005
8.6322	0057	1.7920	-3.1002
8.8319	0058	1.7920	-3.1004
8.9585	0059	1.7920	-3.1005
9.1477	0060	1.7920	-3.1006
9.2921	0061	1.7920	-3.1006
9.4599	0062	1.7920	-3.1006
9.6231	0063	1.7905	-3.1006
9.7870	0064	1.7905	-3.1006
9.9518	0065	1.7905	-3.1006
10.1218	0066	1.7905	-3.1006
10.2869	0067	1.7905	-3.1004
10.4494	0068	1.7905	-3.1004
10.6187	0069	1.7896	-3.1005
10.7835	0070	1.7896	-3.1005
10.9484	0071	1.7896	-3.1004
11.1592	0072	1.7896	-3.1003
11.2772	0073	1.7896	-3.1003
11.4448	0074	1.7896	-3.1002
11.6085	0075	1.5912	-3.1002
11.7785	0076	1.5912	-3.1002
11.9404	0077	1.5912	-3.0978
12.1104	0078	1.5912	-3.0980
12.2722	0079	1.5912	-3.0993
12.4858	0080	1.5912	-3.1003
12.6060	0081	1.5912	-3.1011
12.8004	0082	1.5912	-3.1034
12.9400	0083	1.5912	-3.1050
13.1081	0084	1.5912	-3.1076
13.2745	0085	1.1405	-3.1100
13.4372	0086	1.1405	-3.1141
13.6409	0087	0.6370	-3.1162
13.7688	0088	0.6370	-3.1187
13.9355	0089	0.6370	-3.1204
14.1062	0090	0.6370	-3.1236
14.2707	0091	0.6370	-3.1271
14.4352	0092	0.6370	-3.1279
14.6020	0093	0.3049	-3.1302
14.7691	0094	0.3049	-3.1338
14.9360	0095	0.3049	-3.1348
15.1071	0096	0.3049	-3.1201
15.2690	0097	0.3049	-3.1024
15.4367	0098	0.3049	-3.0723
15.6216	0099	0.0064	-3.0420
15.7910	0100	0.0064	-3.0227
15.9373	0101	0.0064	-3.0232
16.1087	0102	0.0064	-3.0235
16.2692	0103	0.0064	-3.0263
16.4367	0104	0.0064	-3.0273
16.6048	0105	0.0028	-3.0290
16.7689	0106	0.0028	-3.0310
16.9384	0107	0.0028	-3.0320
17.1030	0108	0.0028	-3.0327
17.2716	0109	0.0028	-3.0332
17.4389	0110	0.0028	-3.0349
17.6022	0111	0.0057	-3.0359
17.7691	0112	0.0057	-3.0372
17.9361	0113	0.0057	-3.0383
18.1063	0114	0.0057	-3.0409
18.2700	0115	0.0057	-3.0442
18.4356	0116	0.0057	-3.0460
18.6023	0117	-0.0218	-3.0473
18.7853	0118	-0.0218	-3.0503
18.9380	0119	-0.0218	-3.0507
19.1102	0120	-0.0218	-3.0531
19.2899	0121	-0.0218	-3.0549
19.4355	0122	-0.0218	-3.0558
19.6187	0123	-0.0238	-3.0574
19.7698	0124	-0.0238	-3.0589
19.9626	0125	-0.0238	-3.0612
20.1058	0126	-0.0238	-3.0628
20.2715	0127	-0.0238	-3.0650
20.4373	0128	-0.0238	-3.0659
20.6028	0129	-0.0184	-3.0682
20.7692	0130	-0.0184	-3.0708
20.9368	0131	-0.0184	-3.0726
21.1197	0132	-0.0184	-3.0757
21.2957	0133	-0.0184	-3.0773
21.4357	0134	-0.0184	-3.0789
21.6032	0135	-0.0126	-3.0792
21.7704	0136	-0.0126	-3.0649
21.9374	0137	-0.0126	-3.0446
22.1081	0138	-0.0126	-3.0305
22.2693	0139	-0.0126	-3.0287
22.4364	0140	-0.0126	-3.0282
22.6029	0141	-0.0002	-3.0307
22.7703	0142	-0.0002	-3.0332
22.9383	0143	-0.0002	-3.0349
23.1072	0144	-0.0002	-3.0364
23.2700	0145	-0.0002	-3.0383
23.4367	0146	-0.0002	-3.0396
23.6054	0147	-0.0144	-3.0416
23.7704	0148	-0.0144	-3.0446
23.9378	0149	-0.0144	-3.0460
24.1046	0150	-0.0144	-3.0468
24.2745	0151	-0.0144	-3.0475
24.4400	0152	-0.0144	-3.0497
24.5261	0153	-0.0514	-3.0506
24.7276	0154	-0.0514	-3.0516
24.8567	0155	-0.0514	-3.0536
25.0593	0156	-0.0514	-3.0557
25.1885	0157	-0.0514	-3.0566
25.3530	0158	-0.0514	-3.0586
25.5216	0159	-0.0568	-3.0605
25.6834	0160	-0.0568	-3.0609
25.8487	0161	-0.0568	-3.0597
26.0175	0162	-0.0568	-3.0542
26.1979	0163	-0.0568	-3.0321
26.3479	0164	-0.0568	-3.0211
26.5297	0165	-0.0826	-3.0168
26.6782	0166	-0.0826	-3.0188
26.8442	0167	-0.0826	-3.0200
27.0106	0168	-0.0826	-3.0226
27.1769	0169	-0.0826	-3.0239
27.3415	0170	-0.0826	-3.0239
27.5076	0171	-0.0751	-3.0251
27.6949	0172	-0.0751	-3.0266
27.8361	0173	-0.0751	-3.0274
28.0064	0174	-0.0751	-3.0284
28.1694	0175	-0.0751	-3.0294
28.3350	0176	-0.0751	-3.0294
28.5031	0177	-0.0751	-3.0290
28.7032	0178	-0.0751	-3.0305
28.8290	0179	-0.0751	-3.0315
29.0376	0180	-0.0751	-3.0315
29.1639	0181	-0.0751	-3.0272
29.3306	0182	-0.0383	-3.0184
29.4969	0183	-0.0031	-3.0068
29.7013	0184	-0.0031	-3.0045
29.8228	0185	-0.0031	-3.0046
30.0372	0186	-0.0031	-3.0079
30.1561	0187	-0.0031	-3.0081
30.3230	0188	-0.0031	-3.0095
30.4881	0189	-0.0455	-3.0109
30.6781	0190	-0.0455	-3.0129
30.8626	0191	-0.0455	-3.0143
30.9843	0192	-0.0455	-3.0155
31.1537	0193	-0.0455	-3.0172
31.3184	0194	-0.0455	-3.0180
31.5200	0195	-0.0592	-3.0189
31.6452	0196	-0.0592	-3.0205
31.8119	0197	-0.0592	-3.0220
31.9759	0198	-0.0592	-3.0233
32.1414	0199	-0.0592	-3.0248
32.3117	0200	-0.0592	-3.0261
32.5270	0201	-0.0813	-3.0283
32.6413	0202	-0.0813	-3.0295
32.8041	0203	-0.0813	-3.0304
32.9700	0204	-0.0813	-3.0319
33.1410	0205	-0.0813	-3.0338
33.3062	0206	-0.0813	-3.0338
33.5109	0207	-0.0655	-3.0347
33.6333	0208	-0.0655	-3.0354
33.7971	0209	-0.0655	-3.0362
33.9642	0210	-0.0655	-3.0374
34.1314	0211	-0.0655	-3.0388
34.3004	0212	-0.0655	-3.0408
34.5007	0213	-0.0338	-3.0419
34.6248	0214	-0.0338	-3.0426
34.7909	0215	-0.0338	-3.0420
34.9604	0216	-0.0338	-3.0421
35.1238	0217	-0.0338	-3.0414
35.2914	0218	-0.0338	-3.0388
35.4556	0219	-0.0338	-3.0322
35.6201	0220	-0.0226	-3.0253
35.8153	0221	-0.0226	-3.0224
35.9664	0222	-0.0226	-3.0220
36.1498	0223	-0.0226	-3.0238
36.2828	0224	-0.0226	-3.0250
36.4769	0225	-0.0176	-3.0270
36.6115	0226	-0.0176	-3.0287
36.7791	0227	-0.0176	-3.0308
36.9443	0228	-0.0176	-3.0330
37.1202	0229	-0.0176	-3.0341
37.2779	0230	-0.0176	-3.0353
37.4415	0231	-0.0176	-3.0356
37.6056	0232	-0.0266	-3.0358
37.7738	0233	-0.0266	-3.0355
37.9410	0234	-0.0266	-3.0354
38.1254	0235	-0.0266	-3.0362
38.3215	0236	-0.0266	-3.0367
38.4377	0237	-0.0266	-3.0387
38.6047	0238	-0.0351	-3.0406
38.7728	0239	-0.0351	-3.0416
38.9386	0240	-0.0351	-3.0421
39.1066	0241	-0.0351	-3.0432
39.2732	0242	-0.0351	-3.0436
39.4396	0243	-0.0351	-3.0445
39.6065	0244	-0.4411	-3.0456
39.7721	0245	-0.4411	-3.0470
39.9548	0246	-0.4411	-3.0488
40.1461	0247	-0.4411	-3.0491
40.2940	0248	-0.4411	-3.0495
40.4381	0249	-0.4411	-3.0509
40.6072	0250	-0.3343	-3.0624
40.7738	0251	-0.3343	-3.0628
40.9414	0252	-0.3343	-3.0635
41.1079	0253	-0.3343	-3.0636
41.2790	0254	-0.3343	-3.0643
41.4396	0255	-0.3343	-3.0651
41.6055	0256	-0.0680	-3.0658
41.7712	0257	-0.0680	-3.0664
41.9424	0258	-0.0680	-3.0667
42.1083	0259	-0.0680	-3.0682
42.2950	0260	-0.0680	-3.0690
42.4417	0261	-0.0680	-3.0707
42.6073	0262	-0.0762	-3.0704
42.7716	0263	-0.0762	-3.0698
42.9392	0264	-0.0762	-3.0703
43.1231	0265	-0.0762	-3.0706
43.2746	0266	-0.0762	-3.0707
43.4394	0267	-0.0762	-3.0712
43.6057	0268	-0.0696	-3.0716
43.7721	0269	-0.0696	-3.0704
43.9395	0270	-0.0696	-3.0664
44.1055	0271	-0.0696	-3.0627
44.2762	0272	-0.0696	-3.0623
44.4390	0273	-0.0696	-3.0615
44.6059	0274	-0.0696	-3.0484
44.7736	0275	-0.0696	-3.0303
44.9402	0276	-0.0696	-3.0243
45.1063	0277	-0.0696	-3.0236
45.2750	0278	-0.0696	-3.0276
45.4383	0279	-0.0696	-3.0296
45.6072	0280	-0.0347	-3.0326
45.7729	0281	-0.0347	-3.0353
45.9591	0282	-0.0347	-3.0383
46.1069	0283	-0.0347	-3.0392
46.2729	0284	-0.0347	-3.0412
46.4393	0285	-0.0347	-3.0428
46.6222	0286	-0.0252	-3.0451
46.7936	0287	-0.0252	-3.0462
46.9400	0288	-0.0252	-3.0479
47.1106	0289	-0.0252	-3.0498
47.2972	0290	-0.0252	-3.0516
47.4392	0291	-0.0252	-3.0526
47.6063	0292	-0.0018	-3.0524
47.7752	0293	-0.0018	-3.0536
47.9419	0294	-0.0018	-3.0543
48.1133	0295	-0.0018	-3.0551
48.2731	0296	-0.0018	-3.0572
48.4399	0297	-0.0018	-3.0578
48.6255	0298	-0.0146	-3.0579
48.7725	0299	-0.0146	-3.0582
48.9395	0300	-0.0146	-3.0590
49.1101	0301	-0.0146	-3.0586
49.2729	0302	-0.0146	-3.0593
49.4390	0303	-0.0146	-3.0610
49.6138	0304	-0.0421	-3.0614
49.7727	0305	-0.0421	-3.0620
49.8617	0306	-0.0421	-3.0626
50.0256	0307	-0.0421	-3.0640
50.1904	0308	-0.0421	-3.0646
50.3585	0309	-0.0421	-3.0658
50.5243	0310	-0.0560	-3.0663
50.6941	0311	-0.0560	-3.0664
50.8556	0312	-0.0560	-3.0666
51.0186	0313	-0.0560	-3.0673
51.1839	0314	-0.0560	-3.0671
51.3499	0315	-0.0560	-3.0688
51.5159	0316	-0.0589	-3.0701
51.7004	0317	-0.0589	-3.0706
51.8830	0318	-0.0589	-3.0704
52.0116	0319	-0.0589	-3.0719
52.1851	0320	-0.0589	-3.0720
52.3456	0321	-0.0589	-3.0729
52.5121	0322	-0.0703	-3.0737
52.6838	0323	-0.0703	-3.0741
52.8691	0324	-0.0703	-3.0747
53.0061	0325	-0.0703	-3.0745
53.1709	0326	-0.0703	-3.0735
53.3405	0327	-0.0703	-3.0742
53.5050	0328	-0.0730	-3.0753
53.6843	0329	-0.0730	-3.0763
53.8346	0330	-0.0730	-3.0777
54.0398	0331	-0.0730	-3.0793
54.1661	0332	-0.0730	-3.0800
54.3327	0333	-0.0730	-3.0809
54.5454	0334	-0.0496	-3.0783
54.6622	0335	-0.0496	-3.0741
54.8310	0336	-0.0496	-3.0672
54.9989	0337	-0.0496	-3.0644
55.1629	0338	-0.0496	-3.0638
55.3277	0339	-0.0496	-3.0641
55.4965	0340	-0.0336	-3.0655
55.6644	0341	-0.0336	-3.0659
55.8205	0342	-0.0336	-3.0658
55.9863	0343	-0.0336	-3.0669
56.1519	0344	-0.0336	-3.0669
56.3182	0345	-0.0336	-3.0672
56.5251	0346	-0.0211	-3.0682
56.6497	0347	-0.0211	-3.0686
56.8151	0348	-0.0211	-3.0691
56.9972	0349	-0.0211	-3.0705
57.1486	0350	-0.0211	-3.0708
57.3176	0351	-0.0211	-3.0705
57.4789	0352	-0.0218	-3.0717
57.6423	0353	-0.0218	-3.0737
57.8080	0354	-0.0218	-3.0731
57.9737	0355	-0.0218	-3.0733
58.1419	0356	-0.0218	-3.0732
58.3365	0357	-0.0218	-3.0726
58.4716	0358	-0.0218	-3.0724
58.6396	0359	-0.0185	-3.0729
58.8319	0360	-0.0185	-3.0715
58.9674	0361	-0.0185	-3.0723
59.1372	0362	-0.0185	-3.0725
59.3072	0363	-0.0185	-3.0728
59.4658	0364	-0.0185	-3.0729
59.6306	0365	-0.0253	-3.0721
59.8115	0366	-0.0253	-3.0730
59.9645	0367	-0.0253	-3.0736
60.1301	0368	-0.0253	-3.0739
60.3453	0369	-0.0253	-3.0757
60.4569	0370	-0.0253	-3.0764
60.6240	0371	-0.0253	-3.0775
60.7887	0372	-0.0253	-3.0774
60.9574	0373	-0.0253	-3.0783
61.1365	0374	-0.0253	-3.0800
61.2912	0375	-0.0253	-3.0821
61.4503	0376	-0.0253	-3.0825
61.6379	0377	-0.0530	-3.0842
61.7821	0378	-0.0530	-3.0848
61.9508	0379	-0.0530	-3.0860
62.1188	0380	-0.0530	-3.0869
62.2813	0381	-0.0530	-3.0874
62.4447	0382	-0.0530	-3.0879
62.6094	0383	-0.0467	-3.0886
62.7761	0384	-0.0467	-3.0890
62.9435	0385	-0.0467	-3.0910
63.1182	0386	-0.0467	-3.0909
63.3358	0387	-0.0467	-3.0920
63.4460	0388	-0.0467	-3.0933
63.6068	0389	-0.0220	-3.0922
63.7745	0390	-0.0220	-3.0936
63.9414	0391	-0.0220	-3.0952
64.1270	0392	-0.0220	-3.0956
64.2750	0393	-0.0220	-3.0904
64.4420	0394	-0.0220	-3.0830
64.6108	0395	-0.0013	-3.0750
64.7747	0396	-0.0013	-3.0744
64.9427	0397	-0.0013	-3.0745
65.1096	0398	-0.0013	-3.0765
65.2761	0399	-0.0013	-3.0766
65.4422	0400	-0.0013	-3.0730
65.6071	0401	-0.0045	-3.0610
65.7738	0402	-0.0045	-3.0546
65.9411	0403	-0.0045	-3.0531
66.1205	0404	-0.0045	-3.0558
66.2881	0405	-0.0045	-3.0559
66.4581	0406	-0.0045	-3.0584
66.6077	0407	-0.0217	-3.0600
66.7752	0408	-0.0217	-3.0603
66.9420	0409	-0.0217	-3.0630
67.1281	0410	-0.0217	-3.0633
67.2753	0411	-0.0217	-3.0639
67.4423	0412	-0.0217	-3.0652
67.6232	0413	-0.2029	-3.0662
67.7778	0414	-0.2029	-3.0669
67.9628	0415	-0.2029	-3.0695
68.1167	0416	-0.2029	-3.0713
68.2802	0417	-0.2029	-3.0726
68.4427	0418	-0.2029	-3.0739
68.6235	0419	-0.6064	-3.0806
68.7755	0420	-0.6064	-3.0815
68.9429	0421	-0.6064	-3.0826
69.1126	0422	-0.6064	-3.0835
69.2796	0423	-0.6064	-3.0842
69.4591	0424	-0.6064	-3.0865
69.6355	0425	-0.1764	-3.0879
69.7775	0426	-0.1764	-3.0890
69.9436	0427	-0.1764	-3.0899
70.1273	0428	-0.1764	-3.0901
70.2765	0429	-0.1764	-3.0904
70.4570	0430	-0.1764	-3.0907
70.6091	0431	-0.0201	-3.0874
70.7754	0432	-0.0201	-3.0818
70.9458	0433	-0.0201	-3.0813
71.1314	0434	-0.0201	-3.0818
71.2765	0435	-0.0201	-3.0810
71.4453	0436	-0.0201	-3.0812
71.6099	0437	-0.0349	-3.0827
71.7753	0438	-0.0349	-3.0824
71.9424	0439	-0.0349	-3.0824
72.1326	0440	-0.0349	-3.0820
72.2775	0441	-0.0349	-3.0806
72.4635	0442	-0.0349	-3.0815
72.6094	0443	-0.0478	-3.0817
72.7768	0444	-0.0478	-3.0818
72.9441	0445	-0.0478	-3.0823
73.1126	0446	-0.0478	-3.0810
73.2772	0447	-0.0478	-3.0817
73.4609	0448	-0.0478	-3.0837
73.6089	0449	-0.0505	-3.0840
73.7755	0450	-0.0505	-3.0845
73.9436	0451	-0.0505	-3.0857
74.1129	0452	-0.0505	-3.0859
74.2764	0453	-0.0505	-3.0852
74.4420	0454	-0.0505	-3.0859
74.6084	0455	-0.0472	-3.0869
74.7765	0456	-0.0472	-3.0877
74.9428	0457	-0.0472	-3.0882
75.0607	0458	-0.0472	-3.0878
75.1959	0459	-0.0472	-3.0873
75.3616	0460	-0.0472	-3.0890
75.5271	0461	0.0042	-3.0902
75.7220	0462	0.0042	-3.0898
75.9008	0463	0.0042	-3.0820
76.0223	0464	0.0042	-3.0694
76.1918	0465	0.0042	-3.0555
76.3544	0466	0.0042	-3.0506
76.5288	0467	-0.0124	-3.0505
76.7127	0468	-0.0124	-3.0524
76.8529	0469	-0.0124	-3.0545
77.0579	0470	-0.0124	-3.0585
77.1839	0471	-0.0124	-3.0607
77.3481	0472	-0.0124	-3.0626
77.5223	0473	-0.0124	-3.0654
77.6813	0474	-0.0124	-3.0667
77.8500	0475	0.0074	-3.0678
78.0543	0476	0.0074	-3.0699
78.1765	0477	0.0074	-3.0715
78.3429	0478	0.0074	-3.0729
78.5140	0479	-0.0192	-3.0743
78.6730	0480	-0.0192	-3.0751
78.8404	0481	-0.0192	-3.0754
79.0342	0482	-0.0192	-3.0767
79.2080	0483	-0.0192	-3.0779
79.3378	0484	-0.0192	-3.0790
79.5096	0485	-0.0192	-3.0797
79.7111	0486	-0.0238	-3.0797
79.8332	0487	-0.0238	-3.0797
80.0004	0488	-0.0238	-3.0802
80.1756	0489	-0.0238	-3.0806
80.3307	0490	-0.0238	-3.0810
80.4994	0491	-0.0262	-3.0822
80.6616	0492	-0.0262	-3.0820
80.8559	0493	-0.0262	-3.0833
80.9908	0494	-0.0262	-3.0845
81.1565	0495	-0.0262	-3.0845
81.3239	0496	-0.0262	-3.0830
81.4889	0497	-0.0320	-3.0813
81.6930	0498	-0.0320	-3.0807
81.8187	0499	-0.0320	-3.0814
81.9854	0500	-0.0320	-3.0812
82.1505	0501	-0.0320	-3.0807
82.3555	0502	-0.0320	-3.0803
82.4820	0503	-0.0537	-3.0808
82.6482	0504	-0.0537	-3.0806
82.8534	0505	-0.0537	-3.0819
82.9801	0506	-0.0537	-3.0830
83.1458	0507	-0.0537	-3.0842
83.3146	0508	-0.0537	-3.0843
83.4770	0509	-0.0724	-3.0856
83.6422	0510	-0.0724	-3.0858
83.8080	0511	-0.0724	-3.0858
83.9736	0512	-0.0724	-3.0857
84.1420	0513	-0.0724	-3.0850
84.3031	0514	-0.0724	-3.0855
84.4691	0515	-0.0724	-3.0860
84.6346	0516	-0.0455	-3.0860
84.8366	0517	-0.0455	-3.0863
84.9672	0518	-0.0455	-3.0872
85.1347	0519	-0.0455	-3.0865
85.2977	0520	-0.0455	-3.0774
85.5004	0521	-0.0345	-3.0613
85.6311	0522	-0.0345	-3.0577
85.7948	0523	-0.0345	-3.0564
85.9589	0524	-0.0345	-3.0565
86.1265	0525	-0.0345	-3.0579
86.2948	0526	-0.0345	-3.0609
86.4551	0527	-0.0345	-3.0626
86.6218	0528	-0.0237	-3.0643
86.7878	0529	-0.0237	-3.0657
86.9553	0530	-0.0237	-3.0671
87.1517	0531	-0.0237	-3.0691
87.2832	0532	-0.0237	-3.0712
87.4542	0533	-0.0237	-3.0722
87.6193	0534	-0.0251	-3.0725
87.7834	0535	-0.0251	-3.0732
87.9474	0536	-0.0251	-3.0750
88.1163	0537	-0.0251	-3.0751
88.2933	0538	-0.0251	-3.0767
88.4784	0539	-0.0328	-3.0792
88.6115	0540	-0.0328	-3.0796
88.7764	0541	-0.0328	-3.0806
88.9444	0542	-0.0328	-3.0830
89.1145	0543	-0.0328	-3.0844
89.2812	0544	-0.0328	-3.0848
89.4447	0545	-0.0328	-3.0859
89.6095	0546	-0.0401	-3.0853
89.7763	0547	-0.0401	-3.0872
89.9442	0548	-0.0401	-3.0888
90.1131	0549	-0.0401	-3.0900
90.3131	0550	-0.0401	-3.0922
90.4430	0551	-0.0401	-3.0921
90.6104	0552	-0.0369	-3.0913
90.7775	0553	-0.0369	-3.0889
90.9467	0554	-0.0369	-3.0895
91.1173	0555	-0.0369	-3.0875
91.2780	0556	-0.0369	-3.0812
91.4537	0557	-0.0369	-3.0739
91.6116	0558	-0.0578	-3.0724
91.7791	0559	-0.0578	-3.0721
91.9436	0560	-0.0578	-3.0733
92.1542	0561	-0.0578	-3.0743
92.2794	0562	-0.0578	-3.0763
92.4436	0563	-0.0578	-3.0779
92.6100	0564	-0.0674	-3.0789
92.7769	0565	-0.0674	-3.0784
92.9452	0566	-0.0674	-3.0800
93.1168	0567	-0.0674	-3.0797
93.2793	0568	-0.0674	-3.0813
93.4441	0569	-0.0674	-3.0823
93.6113	0570	-0.0674	-3.0838
93.7977	0571	-0.0674	-3.0861
93.9460	0572	-0.0847	-3.0871
94.1533	0573	-0.0847	-3.0879
94.2786	0574	-0.0847	-3.0887
94.4451	0575	-0.0847	-3.0906
94.6119	0576	-0.1997	-3.0903
94.7774	0577	-0.1997	-3.0911
94.9451	0578	-0.1997	-3.0924
95.1259	0579	-0.1997	-3.0934
95.2783	0580	-0.1997	-3.0941
95.4478	0581	-0.1997	-3.0954
95.6112	0582	-0.4741	-3.1109
95.7812	0583	-0.4741	-3.1115
95.9436	0584	-0.4741	-3.1133
96.1145	0585	-0.4741	-3.1134
96.2791	0586	-0.4741	-3.1126
96.4451	0587	-0.4741	-3.1141
96.6103	0588	-0.1037	-3.1146
96.7785	0589	-0.1037	-3.1143
96.9461	0590	-0.1037	-3.1150
97.1208	0591	-0.1037	-3.1152
97.3050	0592	-0.1037	-3.1158
97.4452	0593	-0.1037	-3.1166
97.6134	0594	-0.1197	-3.1165
97.7786	0595	-0.1197	-3.1145
97.9458	0596	-0.1197	-3.1139
98.1148	0597	-0.1197	-3.1143
98.2785	0598	-0.1197	-3.1148
98.4592	0599	-0.1197	-3.1144
98.6109	0600	-0.1371	-3.1147
98.7789	0601	-0.1371	-3.1146
98.9446	0602	-0.1371	-3.1150
99.1161	0603	-0.1371	-3.1150
99.2808	0604	-0.1371	-3.1123
99.4445	0605	-0.1371	-3.1098
99.6142	0606	-0.1021	-3.1096
99.7793	0607	-0.1021	-3.1102
99.9446	0608	-0.1021	-3.1107
100.1134	0609	-0.1021	-3.1111
100.3024	0610	-0.1021	-3.1110
100.3872	0611	-0.1021	-3.1105
100.5321	0612	-0.0619	-3.1100
100.7454	0613	-0.0619	-3.1086
100.8617	0614	-0.0619	-3.1090
101.0272	0615	-0.0619	-3.1087
101.2239	0616	-0.0619	-3.1098
101.3617	0617	-0.0619	-3.1104
101.5279	0618	-0.0330	-3.1103
101.6897	0619	-0.0330	-3.1113
101.8587	0620	-0.0330	-3.1110
102.0304	0621	-0.0330	-3.1122
102.1877	0622	-0.0330	-3.1120
102.3562	0623	-0.0330	-3.1121
102.5714	0624	-0.0449	-3.1129
102.6844	0625	-0.0449	-3.1137
102.8971	0626	-0.0449	-3.1144
103.0148	0627	-0.0449	-3.1136
103.1852	0628	-0.0449	-3.1135
103.3470	0629	-0.0449	-3.1140
103.5144	0630	-0.0449	-3.1141
103.6782	0631	-0.0239	-3.1131
103.8922	0632	-0.0239	-3.1129
104.0085	0633	-0.0239	-3.1134
104.1759	0634	-0.0239	-3.1130
104.3432	0635	-0.0239	-3.1124
104.5147	0636	-0.0239	-3.1122
104.6711	0637	-0.0282	-3.0953
104.8620	0638	-0.0282	-3.0793
105.0420	0639	-0.0282	-3.0795
105.1693	0640	-0.0282	-3.0795
105.3372	0641	-0.0282	-3.0815
105.5092	0642	-0.0447	-3.0873
105.6787	0643	-0.0447	-3.0874
105.8681	0644	-0.0447	-3.0900
106.0379	0645	-0.0447	-3.0902
106.2050	0646	-0.0447	-3.0910
106.3271	0647	-0.0447	-3.0910
106.4931	0648	-0.0703	-3.0935
106.6830	0649	-0.0703	-3.0949
106.8239	0650	-0.0703	-3.0973
106.9913	0651	-0.0703	-3.0985
107.1589	0652	-0.0703	-3.0993
107.3582	0653	-0.0703	-3.1006
107.4872	0654	-0.0765	-3.1010
107.6640	0655	-0.0765	-3.1020
107.8171	0656	-0.0765	-3.1016
107.9828	0657	-0.0765	-3.1015
108.1501	0658	-0.0765	-3.1016
108.3147	0659	-0.0765	-3.1017
108.4810	0660	-0.0765	-3.1019
108.6473	0661	-0.0946	-3.1020
108.8124	0662	-0.0946	-3.1026
108.9818	0663	-0.0946	-3.1030
109.1457	0664	-0.0946	-3.1042
109.3142	0665	-0.0946	-3.1047
109.4721	0666	-0.0946	-3.1057
109.6389	0667	-0.0946	-3.1056
109.8048	0668	-0.0946	-3.1056
109.9726	0669	-0.0946	-3.1055
110.1408	0670	-0.0937	-3.1063
110.3048	0671	-0.0937	-3.1068
110.4667	0672	-0.0937	-3.1070
110.6330	0673	-0.0877	-3.1017
110.7993	0674	-0.0877	-3.0918
110.9650	0675	-0.0877	-3.0862
111.1303	0676	-0.0877	-3.0867
111.2947	0677	-0.0877	-3.0873
111.4592	0678	-0.0877	-3.0883
111.6258	0679	-0.0749	-3.0890
111.7907	0680	-0.0749	-3.0889
111.9596	0681	-0.0749	-3.0882
112.1339	0682	-0.0749	-3.0898
112.2999	0683	-0.0749	-3.0908
112.4532	0684	-0.0749	-3.0906
112.6334	0685	-0.0682	-3.0923
112.7846	0686	-0.0682	-3.0932
112.9527	0687	-0.0682	-3.0943
113.1248	0688	-0.0682	-3.0942
113.2846	0689	-0.0682	-3.0962
113.4505	0690	-0.0682	-3.0937
113.6128	0691	-0.0706	-3.0833
113.7792	0692	-0.0706	-3.0699
113.9476	0693	-0.0706	-3.0646
114.1212	0694	-0.0706	-3.0644
114.2795	0695	-0.0706	-3.0656
114.4457	0696	-0.0706	-3.0666
114.6124	0697	-0.0742	-3.0670
114.7802	0698	-0.0742	-3.0689
114.9467	0699	-0.0742	-3.0695
115.1139	0700	-0.0742	-3.0709
115.2799	0701	-0.0742	-3.0726
115.4701	0702	-0.0742	-3.0725
115.6132	0703	-0.0690	-3.0723
115.7824	0704	-0.0690	-3.0739
115.9487	0705	-0.0690	-3.0736
116.1176	0706	-0.0690	-3.0739
116.3140	0707	-0.0690	-3.0745
116.4462	0708	-0.0690	-3.0737
116.6140	0709	-0.0714	-3.0754
116.7829	0710	-0.0714	-3.0771
116.9473	0711	-0.0714	-3.0770
117.1395	0712	-0.0714	-3.0786
117.2796	0713	-0.0714	-3.0800
117.4639	0714	-0.0714	-3.0808
117.6131	0715	-0.0832	-3.0813
117.8000	0716	-0.0832	-3.0835
117.9472	0717	-0.0832	-3.0844
118.1466	0718	-0.0832	-3.0851
118.3036	0719	-0.0832	-3.0863
118.4470	0720	-0.0832	-3.0851
118.6137	0721	-0.1049	-3.0839
118.7798	0722	-0.1049	-3.0815
118.9485	0723	-0.1049	-3.0820
119.1262	0724	-0.1049	-3.0819
119.2801	0725	-0.1049	-3.0831
119.4474	0726	-0.1049	-3.0836
119.6146	0727	-0.2410	-3.0841
119.7821	0728	-0.2410	-3.0857
119.9470	0729	-0.2410	-3.0866
120.1300	0730	-0.2410	-3.0872
120.3035	0731	-0.2410	-3.0870
120.4565	0732	-0.2410	-3.0818
120.6130	0733	-0.1834	-3.0590
120.7812	0734	-0.1834	-3.0558
120.9488	0735	-0.1834	-3.0543
121.1185	0736	-0.1834	-3.0557
121.2837	0737	-0.1834	-3.0575
121.4463	0738	-0.1834	-3.0583
121.6228	0739	-0.0533	-3.0593
121.7798	0740	-0.0533	-3.0611
121.9596	0741	-0.0533	-3.0614
122.1169	0742	-0.0533	-3.0626
122.2837	0743	-0.0533	-3.0644
122.4631	0744	-0.0533	-3.0643
122.6145	0745	-0.0630	-3.0647
122.7821	0746	-0.0630	-3.0663
122.9485	0747	-0.0630	-3.0675
123.1171	0748	-0.0630	-3.0682
123.2807	0749	-0.0630	-3.0683
123.4525	0750	-0.0630	-3.0650
123.6162	0751	-0.0720	-3.0580
123.7824	0752	-0.0720	-3.0508
123.9481	0753	-0.0720	-3.0497
124.1259	0754	-0.0720	-3.0502
124.3012	0755	-0.0720	-3.0525
124.4660	0756	-0.0720	-3.0531
124.6138	0757	-0.0692	-3.0546
124.7806	0758	-0.0692	-3.0566
124.9573	0759	-0.0692	-3.0577
125.1153	0760	-0.0692	-3.0590
125.2935	0761	-0.0692	-3.0602
125.3728	0762	-0.0692	-3.0607
125.5372	0763	-0.0692	-3.0620
125.7432	0764	-0.0692	-3.0557
125.8663	0765	-0.0692	-3.0492
126.0326	0766	-0.0692	-3.0406
126.2006	0767	-0.0692	-3.0399
126.3664	0768	-0.0634	-3.0405
126.5339	0769	-0.0581	-3.0426
126.6964	0770	-0.0581	-3.0448
126.8609	0771	-0.0581	-3.0470
127.0652	0772	-0.0581	-3.0485
127.1936	0773	-0.0581	-3.0503
127.3614	0774	-0.0581	-3.0518
127.5264	0775	-0.0590	-3.0520
127.7327	0776	-0.0590	-3.0523
127.8555	0777	-0.0590	-3.0529
128.0190	0778	-0.0590	-3.0536
128.1846	0779	-0.0590	-3.0542
128.3512	0780	-0.0590	-3.0552
128.5246	0781	-0.0498	-3.0550
128.6857	0782	-0.0498	-3.0542
128.8518	0783	-0.0498	-3.0541
129.0132	0784	-0.0498	-3.0487
129.1775	0785	-0.0498	-3.0417
129.3461	0786	-0.0498	-3.0359
129.5209	0787	-0.0564	-3.0350
129.6773	0788	-0.0564	-3.0345
129.8834	0789	-0.0564	-3.0360
130.0065	0790	-0.0564	-3.0368
130.1978	0791	-0.0564	-3.0394
130.3413	0792	-0.0564	-3.0412
130.5038	0793	-0.0766	-3.0411
130.6697	0794	-0.0766	-3.0435
130.8741	0795	-0.0766	-3.0456
131.0017	0796	-0.0766	-3.0446
131.1803	0797	-0.0766	-3.0467
131.3379	0798	-0.0766	-3.0475
131.4974	0799	-0.0904	-3.0489
131.7065	0800	-0.0904	-3.0507
131.8673	0801	-0.0904	-3.0507
131.9953	0802	-0.0904	-3.0503
132.1622	0803	-0.0904	-3.0506
132.3715	0804	-0.0904	-3.0509
132.4925	0805	-0.0838	-3.0513
132.7031	0806	-0.0838	-3.0544
132.8230	0807	-0.0838	-3.0548
132.9880	0808	-0.0838	-3.0524
133.1560	0809	-0.0838	-3.0429
133.3317	0810	-0.0838	-3.0333
133.4844	0811	-0.1030	-3.0342
133.6519	0812	-0.1030	-3.0359
133.8276	0813	-0.1030	-3.0371
133.9811	0814	-0.1030	-3.0381
134.1532	0815	-0.1030	-3.0407
134.3149	0816	-0.1030	-3.0432
134.4776	0817	-0.1030	-3.0447
134.6428	0818	-0.1113	-3.0457
134.8091	0819	-0.1113	-3.0402
134.9758	0820	-0.1113	-3.0286
135.1432	0821	-0.1113	-3.0183
135.3134	0822	-0.1113	-3.0174
135.4712	0823	-0.1113	-3.0191
135.6363	0824	-0.1062	-3.0236
135.8020	0825	-0.1062	-3.0258
135.9699	0826	-0.1062	-3.0291
136.1347	0827	-0.1062	-3.0306
136.3000	0828	-0.1062	-3.0274
136.4652	0829	-0.1062	-3.0219
136.6623	0830	-0.1003	-3.0194
136.7982	0831	-0.1003	-3.0183
136.9618	0832	-0.1003	-3.0197
137.1783	0833	-0.1003	-3.0235
137.3375	0834	-0.1003	-3.0273
137.4595	0835	-0.1003	-3.0284
137.6267	0836	-0.0896	-3.0298
137.7889	0837	-0.0896	-3.0310
137.9578	0838	-0.0896	-3.0344
138.1273	0839	-0.0896	-3.0371
138.2969	0840	-0.0896	-3.0398
138.4534	0841	-0.0896	-3.0412
138.6180	0842	-0.0663	-3.0349
138.7825	0843	-0.0663	-3.0257
138.9516	0844	-0.0663	-3.0229
139.1238	0845	-0.0663	-3.0247
139.2858	0846	-0.0663	-3.0261
139.4494	0847	-0.0663	-3.0288
139.6152	0848	-0.0495	-3.0312
139.7831	0849	-0.0495	-3.0336
139.9513	0850	-0.0495	-3.0362
140.1188	0851	-0.0495	-3.0384
140.2824	0852	-0.0495	-3.0399
140.4499	0853	-0.0495	-3.0419
140.6155	0854	-0.0569	-3.0367
140.7843	0855	-0.0569	-3.0286
140.9508	0856	-0.0569	-3.0170
141.1158	0857	-0.0569	-3.0143
141.2840	0858	-0.0569	-3.0139
141.4497	0859	-0.0569	-3.0166
141.6173	0860	-0.0569	-3.0194
141.7846	0861	-0.0569	-3.0224
141.9497	0862	-0.0569	-3.0245
142.1182	0863	-0.0569	-3.0271
142.3191	0864	-0.0569	-3.0279
142.4690	0865	-0.0569	-3.0301
142.6178	0866	-0.0765	-3.0309
142.7867	0867	-0.0765	-3.0319
142.9510	0868	-0.0765	-3.0326
143.1314	0869	-0.0765	-3.0295
143.3105	0870	-0.0765	-3.0221
143.4491	0871	-0.0765	-3.0160
143.6173	0872	-0.3974	-3.0145
143.7852	0873	-0.3974	-3.0163
143.9505	0874	-0.3974	-3.0189
144.1213	0875	-0.3974	-3.0222
144.2977	0876	-0.3974	-3.0253
144.4651	0877	-0.3974	-3.0276
144.6331	0878	-0.3593	-3.0302
144.7843	0879	-0.3593	-3.0312
144.9506	0880	-0.3593	-3.0334
145.1228	0881	-0.3593	-3.0369
145.3063	0882	-0.3593	-3.0388
145.4500	0883	-0.3593	-3.0407
145.6179	0884	-0.0654	-3.0434
145.7832	0885	-0.0654	-3.0440
145.9616	0886	-0.0654	-3.0456
146.1217	0887	-0.0654	-3.0472
146.2843	0888	-0.0654	-3.0481
146.4498	0889	-0.0654	-3.0491
146.6167	0890	-0.0545	-3.0504
146.7847	0891	-0.0545	-3.0507
146.9496	0892	-0.0545	-3.0442
147.1214	0893	-0.0545	-3.0363
147.3112	0894	-0.0545	-3.0293
147.4625	0895	-0.0545	-3.0296
147.6171	0896	-0.0534	-3.0323
147.7871	0897	-0.0534	-3.0352
147.9519	0898	-0.0534	-3.0387
148.1249	0899	-0.0534	-3.0427
148.2831	0900	-0.0534	-3.0438
148.4594	0901	-0.0534	-3.0451
148.6316	0902	-0.0493	-3.0450
148.7852	0903	-0.0493	-3.0419
148.9517	0904	-0.0493	-3.0338
149.1436	0905	-0.0493	-3.0241
149.2846	0906	-0.0493	-3.0219
149.4669	0907	-0.0493	-3.0212
149.6195	0908	-0.0607	-3.0251
149.7860	0909	-0.0607	-3.0266
149.9507	0910	-0.0607	-3.0299
150.1204	0911	-0.0607	-3.0320
150.2846	0912	-0.0607	-3.0332
150.4515	0913	-0.0607	-3.0366
150.6163	0914	-0.0791	-3.0391
150.7947	0915	-0.0791	-3.0425
150.8720	0916	-0.0791	-3.0435
151.0377	0917	-0.0791	-3.0462
151.2016	0918	-0.0791	-3.0479
151.3672	0919	-0.0791	-3.0494
151.5340	0920	-0.0590	-3.0514
151.7012	0921	-0.0590	-3.0536
151.8648	0922	-0.0590	-3.0551
152.0294	0923	-0.0590	-3.0575
152.1952	0924	-0.0590	-3.0532
152.3611	0925	-0.0590	-3.0463
152.5319	0926	-0.0700	-3.0367
152.6939	0927	-0.0700	-3.0268
152.8590	0928	-0.0700	-3.0191
153.0239	0929	-0.0700	-3.0211
153.1899	0930	-0.0700	-3.0220
153.3562	0931	-0.0700	-3.0243
153.5268	0932	-0.0768	-3.0265
153.6890	0933	-0.0768	-3.0277
153.8610	0934	-0.0768	-3.0299
154.0176	0935	-0.0768	-3.0325
154.1830	0936	-0.0768	-3.0339
154.3547	0937	-0.0768	-3.0376
154.5325	0938	-0.0810	-3.0404
154.6822	0939	-0.0810	-3.0419
154.8891	0940	-0.0810	-3.0430
155.0131	0941	-0.0810	-3.0448
155.1775	0942	-0.0810	-3.0465
155.3891	0943	-0.0810	-3.0449
155.5080	0944	-0.0780	-3.0443
155.6965	0945	-0.0780	-3.0400
155.8384	0946	-0.0780	-3.0362
156.0103	0947	-0.0780	-3.0300
156.1712	0948	-0.0780	-3.0234
156.3481	0949	-0.0780	-3.0208
156.5442	0950	-0.0791	-3.0223
156.7161	0951	-0.0791	-3.0261
156.8605	0952	-0.0791	-3.0276
156.9977	0953	-0.0791	-3.0289
157.1923	0954	-0.0791	-3.0304
157.3338	0955	-0.0791	-3.0322
157.4957	0956	-0.0890	-3.0329
157.6628	0957	-0.0890	-3.0351
157.8257	0958	-0.0890	-3.0370
158.0033	0959	-0.0890	-3.0381
158.1577	0960	-0.0890	-3.0392
158.3304	0961	-0.0890	-3.0397
158.4907	0962	-0.0890	-3.0408
158.6563	0963	-0.0890	-3.0407
158.8187	0964	-0.0905	-3.0423
158.9843	0965	-0.0905	-3.0437
159.1575	0966	-0.0905	-3.0465
159.3419	0967	-0.0905	-3.0480
159.4816	0968	-0.0905	-3.0466
159.6871	0969	-0.0882	-3.0400
159.8157	0970	-0.0882	-3.0353
159.9792	0971	-0.0882	-3.0312
160.1818	0972	-0.0882	-3.0324
160.3106	0973	-0.0882	-3.0337
160.5173	0974	-0.1002	-3.0364
160.6760	0975	-0.1002	-3.0390
160.8068	0976	-0.1002	-3.0416
160.9770	0977	-0.1002	-3.0427
161.1394	0978	-0.1002	-3.0456
161.3160	0979	-0.1002	-3.0501
161.4710	0980	-0.1002	-3.0524
161.6745	0981	-0.1134	-3.0556
161.8018	0982	-0.1134	-3.0574
161.9670	0983	-0.1134	-3.0582
162.1876	0984	-0.1134	-3.0598
162.3405	0985	-0.1134	-3.0594
162.4640	0986	-0.1134	-3.0541
162.6332	0987	-0.0988	-3.0481
162.7939	0988	-0.0988	-3.0378
162.9627	0989	-0.0988	-3.0307
163.1673	0990	-0.0988	-3.0314
163.2908	0991	-0.0988	-3.0334
163.4614	0992	-0.0988	-3.0347
163.6669	0993	-0.0797	-3.0393
163.7881	0994	-0.0797	-3.0406
163.9591	0995	-0.0797	-3.0423
164.1289	0996	-0.0797	-3.0449
164.2862	0997	-0.0797	-3.0476
164.5005	0998	-0.0393	-3.0489
164.6192	0999	-0.0393	-3.0507
164.7928	1000	-0.0393	-3.0491
164.9861	1001	-0.0393	-3.0408
165.1196	1002	-0.0393	-3.0277
165.2868	1003	-0.0393	-3.0068
165.4538	1004	-0.0393	-3.0000
165.6186	1005	-0.0440	-3.0007
165.7849	1006	-0.0440	-3.0032
165.9545	1007	-0.0440	-3.0078
166.1275	1008	-0.0440	-3.0113
166.2879	1009	-0.0440	-3.0132
166.4547	1010	-0.0440	-3.0158
166.6615	1011	-0.0527	-3.0186
166.7850	1012	-0.0527	-3.0190
166.9555	1013	-0.0527	-3.0212
167.1239	1014	-0.0527	-3.0221
167.3101	1015	-0.0527	-3.0253
167.4767	1016	-0.0527	-3.0265
167.6187	1017	-0.2361	-3.0286
167.7854	1018	-0.2361	-3.0317
167.9535	1019	-0.2361	-3.0329
168.1346	1020	-0.2361	-3.0336
168.2880	1021	-0.2361	-3.0355
168.4518	1022	-0.2361	-3.0361
168.6188	1023	-0.3968	-3.0449
168.7860	1024	-0.3968	-3.0457
168.9523	1025	-0.3968	-3.0477
169.1464	1026	-0.3968	-3.0491
169.2864	1027	-0.3968	-3.0489
169.4694	1028	-0.3968	-3.0507
169.6193	1029	-0.0734	-3.0524
169.7876	1030	-0.0734	-3.0538
169.9536	1031	-0.0734	-3.0544
170.1224	1032	-0.0734	-3.0566
170.2867	1033	-0.0734	-3.0594
170.4558	1034	-0.0734	-3.0623
170.6317	1035	-0.0512	-3.0648
170.7855	1036	-0.0512	-3.0653
170.9536	1037	-0.0512	-3.0608
171.1236	1038	-0.0512	-3.0540
171.3090	1039	-0.0512	-3.0472
171.4524	1040	-0.0512	-3.0459
171.6190	1041	-0.0486	-3.0461
171.7855	1042	-0.0486	-3.0480
171.9530	1043	-0.0486	-3.0512
172.1389	1044	-0.0486	-3.0547
172.3069	1045	-0.0486	-3.0553
172.4521	1046	-0.0486	-3.0569
172.6272	1047	-0.0424	-3.0587
172.7869	1048	-0.0424	-3.0589
172.9553	1049	-0.0424	-3.0620
173.1216	1050	-0.0424	-3.0621
173.2869	1051	-0.0424	-3.0613
173.4706	1052	-0.0424	-3.0476
173.6202	1053	-0.0418	-3.0350
173.7897	1054	-0.0418	-3.0222
173.9567	1055	-0.0418	-3.0225
174.1218	1056	-0.0418	-3.0228
174.3101	1057	-0.0418	-3.0248
174.4532	1058	-0.0418	-3.0262
174.6225	1059	-0.0418	-3.0287
174.7869	1060	-0.0418	-3.0300
174.9549	1061	-0.0507	-3.0329
175.1326	1062	-0.0507	-3.0357
175.3058	1063	-0.0507	-3.0378
175.4531	1064	-0.0507	-3.0415
175.6214	1065	-0.0584	-3.0437
175.7864	1066	-0.0584	-3.0454
175.9539	1067	-0.0584	-3.0476
176.0621	1068	-0.0584	-3.0481
176.2104	1069	-0.0584	-3.0492
176.3725	1070	-0.0584	-3.0475
176.5535	1071	-0.0590	-3.0404
176.7084	1072	-0.0590	-3.0320
176.8778	1073	-0.0590	-3.0221
177.0375	1074	-0.0590	-3.0190
177.2286	1075	-0.0590	-3.0202
177.3700	1076	-0.0590	-3.0208
177.5342	1077	-0.0659	-3.0236
177.7019	1078	-0.0659	-3.0271
177.9120	1079	-0.0659	-3.0302
178.0468	1080	-0.0659	-3.0324
178.1936	1081	-0.0659	-3.0335
178.3621	1082	-0.0659	-3.0349
178.5532	1083	-0.0925	-3.0377
178.7362	1084	-0.0925	-3.0392
178.8568	1085	-0.0925	-3.0396
179.0662	1086	-0.0925	-3.0409
179.2269	1087	-0.0925	-3.0422
179.3552	1088	-0.0925	-3.0430
179.5205	1089	-0.1196	-3.0450
179.7342	1090	-0.1196	-3.0459
179.8569	1091	-0.1196	-3.0476
180.0170	1092	-0.1196	-3.0492
180.1828	1093	-0.1196	-3.0513
180.3490	1094	-0.1196	-3.0537
180.5575	1095	-0.1115	-3.0557
180.6786	1096	-0.1115	-3.0572
180.8852	1097	-0.1115	-3.0593
181.0116	1098	-0.1115	-3.0610
181.1772	1099	-0.1115	-3.0633
181.3418	1100	-0.1115	-3.0651
181.5141	1101	-0.0784	-3.0674
181.7272	1102	-0.0784	-3.0692
181.8406	1103	-0.0784	-3.0702
182.0049	1104	-0.0784	-3.0602
182.1747	1105	-0.0784	-3.0478
182.3721	1106	-0.0784	-3.0371
182.4992	1107	-0.0646	-3.0362
182.7100	1108	-0.0646	-3.0382
182.8392	1109	-0.0646	-3.0408
182.9950	1110	-0.0646	-3.0448
183.1624	1111	-0.0646	-3.0475
183.3389	1112	-0.0646	-3.0497
183.4975	1113	-0.0680	-3.0534
183.6588	1114	-0.0680	-3.0542
183.8246	1115	-0.0680	-3.0560
183.9955	1116	-0.0680	-3.0585
184.1607	1117	-0.0680	-3.0602
184.3341	1118	-0.0680	-3.0621
184.4899	1119	-0.0812	-3.0644
184.6904	1120	-0.0812	-3.0652
184.8571	1121	-0.0812	-3.0663
184.9827	1122	-0.0812	-3.0674
185.1523	1123	-0.0812	-3.0689
185.3191	1124	-0.0812	-3.0704
185.4821	1125	-0.0745	-3.0728
185.6476	1126	-0.0745	-3.0734
185.8106	1127	-0.0745	-3.0739
185.9782	1128	-0.0745	-3.0686
186.1466	1129	-0.0745	-3.0607
186.3120	1130	-0.0745	-3.0521
186.4778	1131	-0.0745	-3.0466
186.6568	1132	-0.0776	-3.0466
186.8042	1133	-0.0776	-3.0470
186.9712	1134	-0.0776	-3.0501
187.1379	1135	-0.0776	-3.0523
187.3045	1136	-0.0776	-3.0548
187.4691	1137	-0.0776	-3.0574
187.6324	1138	-0.0819	-3.0584
187.7974	1139	-0.0819	-3.0590
187.9636	1140	-0.0819	-3.0610
188.1355	1141	-0.0819	-3.0625
188.3026	1142	-0.0819	-3.0624
188.4604	1143	-0.0819	-3.0638
188.6259	1144	-0.0878	-3.0652
188.8028	1145	-0.0878	-3.0670
188.9610	1146	-0.0878	-3.0690
189.1356	1147	-0.0878	-3.0702
189.3133	1148	-0.0878	-3.0716
189.4543	1149	-0.0878	-3.0733
189.6630	1150	-0.0915	-3.0735
189.7902	1151	-0.0915	-3.0739
189.9577	1152	-0.0915	-3.0766
190.1306	1153	-0.0915	-3.0796
190.3291	1154	-0.0915	-3.0803
190.4545	1155	-0.0915	-3.0801
190.6583	1156	-0.0915	-3.0816
190.7891	1157	-0.0915	-3.0829
190.9691	1158	-0.0915	-3.0842
191.1244	1159	-0.0915	-3.0852
191.3273	1160	-0.1073	-3.0842
191.4573	1161	-0.1073	-3.0825
191.6210	1162	-0.1114	-3.0775
191.8045	1163	-0.1114	-3.0742
191.9579	1164	-0.1114	-3.0725
192.1246	1165	-0.1114	-3.0724
192.2900	1166	-0.1114	-3.0713
192.4547	1167	-0.1114	-3.0715
192.6312	1168	-0.1008	-3.0680
192.7890	1169	-0.1008	-3.0592
192.9583	1170	-0.1008	-3.0425
193.1481	1171	-0.1008	-3.0361
193.2886	1172	-0.1008	-3.0347
193.4559	1173	-0.1008	-3.0365
193.6219	1174	-0.5036	-3.0383
193.8056	1175	-0.5036	-3.0422
193.9580	1176	-0.5036	-3.0432
194.1255	1177	-0.5036	-3.0440
194.2894	1178	-0.5036	-3.0455
194.4554	1179	-0.5036	-3.0480
194.6230	1180	-0.9494	-3.0488
194.7898	1181	-0.9494	-3.0517
194.9557	1182	-0.9494	-3.0541
195.1247	1183	-0.9494	-3.0562
195.3166	1184	-0.9494	-3.0603
195.4562	1185	-0.9494	-3.0617
195.6225	1186	-1.3675	-3.0631
195.7883	1187	-1.3675	-3.0654
195.9578	1188	-1.3675	-3.0684
196.1239	1189	-1.3675	-3.0704
196.3074	1190	-1.3675	-3.0729
196.4577	1191	-1.3675	-3.0743
196.6217	1192	-1.5669	-3.0754
196.7941	1193	-1.5669	-3.0755
196.9550	1194	-1.5669	-3.0770
197.1320	1195	-1.5669	-3.0778
197.3117	1196	-1.5669	-3.0786
197.4742	1197	-1.5669	-3.0804
197.6230	1198	-1.5761	-3.0821
197.7896	1199	-1.5761	-3.0818
197.9577	1200	-1.5761	-3.0815
198.1280	1201	-1.5761	-3.0813
198.2889	1202	-1.5761	-3.0812
198.4559	1203	-1.5761	-3.0814
198.6378	1204	-1.5792	-3.0820
198.7894	1205	-1.5792	-3.0824
198.9587	1206	-1.5792	-3.0818
199.1466	1207	-1.5792	-3.0822
199.2898	1208	-1.5792	-3.0823
199.4571	1209	-1.5792	-3.0822
199.6230	1210	-1.5748	-3.0823
199.7942	1211	-1.5748	-3.0822
199.9557	1212	-1.5748	-3.0822
200.1224	1213	-1.5748	-3.0822
200.3117	1214	-1.5748	-3.0822
200.4569	1215	-1.5748	-3.0821
200.6237	1216	-1.5760	-3.0822
200.7892	1217	-1.5760	-3.0822
200.9600	1218	-1.5760	-3.0821
201.1242	1219	-1.5760	-3.0821
201.2923	1220	-1.5760	-3.0821
201.3812	1221	-1.5760	-3.0821
201.5444	1222	-1.5720	-3.0821
201.7123	1223	-1.5720	-3.0821
201.9212	1224	-1.5720	-3.0821
202.0402	1225	-1.5720	-3.0821
202.2052	1226	-1.5720	-3.0821
202.3740	1227	-1.5720	-3.0821
202.5376	1228	-1.5720	-3.0820
202.7584	1229	-1.5720	-3.0820
202.8699	1230	-1.5720	-3.0819
203.0336	1231	-1.5720	-3.0819
